1.00000000e+00 0.00000000e+00 0.00000000e+00 0.00000000e+00 0.00000000e+00 1.00000000e+00 0.00000000e+00 0.00000000e+00 0.00000000e+00 0.00000000e+00 1.00000000e+00 0.00000000e+00
9.99998109e-01 -1.76395472e-03 -8.28779462e-04 -4.36239567e-03 1.76305191e-03 9.99997852e-01 -1.08872195e-03 -2.78035189e-04 8.30698117e-04 1.08725880e-03 9.99999081e-01 6.14597227e-01
9.99997430e-01 -1.90793247e-03 -1.21091460e-03 -1.15427295e-02 1.90436255e-03 9.99993859e-01 -2.94236626e-03 -5.12871993e-04 1.21652097e-03 2.94005291e-03 9.99994953e-01 1.23436207e+00
9.99994985e-01 -2.05277346e-03 -2.40152599e-03 -1.96182167e-02 2.04180529e-03 9.99987512e-01 -4.56068980e-03 -8.16476206e-04 2.41085807e-03 4.55576383e-03 9.99986739e-01 1.86193504e+00
9.99987419e-01 -3.79258342e-03 -3.26523784e-03 -2.85892687e-02 3.77136322e-03 9.99971881e-01 -6.48053108e-03 -1.14262656e-03 3.28972396e-03 6.46813580e-03 9.99973682e-01 2.47317860e+00
9.99972218e-01 -6.10063087e-03 -4.25787856e-03 -3.52574467e-02 6.06415160e-03 9.99945213e-01 -8.52832641e-03 -1.51890840e-03 4.30967358e-03 8.50227018e-03 9.99954554e-01 3.08493540e+00
9.99957702e-01 -7.36189063e-03 -5.49200143e-03 -4.39314747e-02 7.30943533e-03 9.99928011e-01 -9.51085667e-03 -1.92971555e-03 5.56162426e-03 9.47031212e-03 9.99939682e-01 3.70752044e+00
9.99949002e-01 -7.62755457e-03 -6.60253392e-03 -5.39391916e-02 7.56786540e-03 9.99930667e-01 -9.01854682e-03 -2.33651031e-03 6.67086609e-03 8.96812125e-03 9.99937505e-01 4.32601832e+00
9.99934661e-01 -8.49406421e-03 -7.63385155e-03 -6.34051084e-02 8.41989917e-03 9.99917523e-01 -9.69541247e-03 -2.75334617e-03 7.71557586e-03 9.63050425e-03 9.99923843e-01 4.95963837e+00
9.99933113e-01 -7.48472829e-03 -8.80391346e-03 -7.51471999e-02 7.37303719e-03 9.99892773e-01 -1.26512368e-02 -3.22997054e-03 8.89766102e-03 1.25854809e-02 9.99881209e-01 5.59247080e+00
9.99941969e-01 -4.94121839e-03 -9.56034398e-03 -8.93885567e-02 4.78042563e-03 9.99847958e-01 -1.67690143e-02 -3.80761984e-03 9.64175027e-03 1.67223419e-02 9.99813675e-01 6.25216101e+00
9.99939550e-01 -3.22436306e-03 -1.05026871e-02 -1.02433571e-01 3.00650442e-03 9.99781356e-01 -2.06931904e-02 -4.42946039e-03 1.05671138e-02 2.06603660e-02 9.99730718e-01 6.89460926e+00
9.99932763e-01 -1.99247632e-03 -1.14164298e-02 -1.18537245e-01 1.75497251e-03 9.99782631e-01 -2.07759720e-02 -5.03911701e-03 1.14553447e-02 2.07545425e-02 9.99718980e-01 7.53637567e+00
9.99929705e-01 -4.55370415e-04 -1.18446157e-02 -1.34406821e-01 2.89491401e-04 9.99901942e-01 -1.40024384e-02 -5.58045682e-03 1.18498314e-02 1.39980267e-02 9.99831840e-01 8.23085185e+00
9.99924764e-01 4.26635913e-04 -1.22541745e-02 -1.46422018e-01 -4.78187924e-04 9.99991052e-01 -4.20416764e-03 -6.01393701e-03 1.22522727e-02 4.20971246e-03 9.99916064e-01 8.95593875e+00
9.99917104e-01 1.33549366e-03 -1.28046659e-02 -1.61368893e-01 -1.30722955e-03 9.99996729e-01 2.21555282e-03 -6.26427433e-03 1.28075839e-02 -2.19862917e-03 9.99915593e-01 9.70905117e+00
9.99900911e-01 3.54700708e-03 -1.36252073e-02 -1.82521656e-01 -3.53099236e-03 9.99993131e-01 1.19935784e-03 -6.50834096e-03 1.36293683e-02 -1.15112710e-03 9.99906525e-01 1.04958611e+01
9.99876060e-01 6.84535448e-03 -1.41780905e-02 -2.04857841e-01 -6.93585617e-03 9.99955918e-01 -6.34379991e-03 -6.85239797e-03 1.41340398e-02 6.44135204e-03 9.99879441e-01 1.12761381e+01
9.99867818e-01 7.38366944e-03 -1.44866639e-02 -2.25861713e-01 -7.55673805e-03 9.99900388e-01 -1.19284974e-02 -7.26578471e-03 1.43971444e-02 1.20363938e-02 9.99824020e-01 1.20667203e+01
9.99869829e-01 5.35468340e-03 -1.52213854e-02 -2.41917652e-01 -5.51336788e-03 9.99930742e-01 -1.04022092e-02 -7.70117017e-03 1.51646311e-02 1.04847768e-02 9.99830145e-01 1.28767962e+01
9.99864769e-01 5.47318507e-03 -1.55090714e-02 -2.60058063e-01 -5.49414105e-03 9.99984072e-01 -1.30880025e-03 -8.12813444e-03 1.55016622e-02 1.39383180e-03 9.99878956e-01 1.37288409e+01
9.99860967e-01 5.06695671e-03 -1.58849344e-02 -2.77649640e-01 -4.97265809e-03 9.99969804e-01 5.97035543e-03 -8.28181301e-03 1.59147079e-02 -5.89053607e-03 9.99856047e-01 1.45956650e+01
9.99866497e-01 4.18597732e-03 -1.57926038e-02 -2.95997634e-01 -4.05311584e-03 9.99956190e-01 8.43565256e-03 -8.38264169e-03 1.58272251e-02 -8.37051846e-03 9.99839746e-01 1.54869916e+01
9.99886399e-01 2.89326205e-03 -1.47896776e-02 -3.18804325e-01 -2.78321313e-03 9.99968332e-01 7.45621548e-03 -8.52738450e-03 1.48107835e-02 -7.41420744e-03 9.99862839e-01 1.64068770e+01
9.99900588e-01 2.77190690e-03 -1.38218337e-02 -3.41003396e-01 -2.69906711e-03 9.99982361e-01 5.28590604e-03 -8.70236798e-03 1.38362440e-02 -5.24807617e-03 9.99890493e-01 1.73318831e+01
9.99905488e-01 5.03862956e-03 -1.27889649e-02 -3.65538979e-01 -5.01109481e-03 9.99985022e-01 2.18428817e-03 -8.98681117e-03 1.27997820e-02 -2.11999690e-03 9.99915784e-01 1.82827937e+01
9.99925735e-01 2.44357999e-03 -1.19370265e-02 -3.79993661e-01 -2.48413974e-03 9.99991191e-01 -3.38402554e-03 -9.34276513e-03 1.19286548e-02 3.41342536e-03 9.99922966e-01 1.92311934e+01
9.99929743e-01 9.35403375e-04 -1.18123249e-02 -3.98690109e-01 -1.05155093e-03 9.99951146e-01 -9.83022905e-03 -9.85960375e-03 1.18025545e-02 9.84195753e-03 9.99881868e-01 2.01834790e+01
9.99941529e-01 3.21047823e-03 -1.03179135e-02 -4.18847086e-01 -3.36385401e-03 9.99883591e-01 -1.48820106e-02 -1.05585105e-02 1.02689358e-02 1.49158464e-02 9.99835987e-01 2.11491683e+01
9.99935212e-01 4.95558778e-03 -1.02403564e-02 -4.38735247e-01 -5.11435251e-03 9.99866260e-01 -1.55360720e-02 -1.13236686e-02 1.01619977e-02 1.55874365e-02 9.99826857e-01 2.21027905e+01
9.99930830e-01 4.47351345e-03 -1.08688030e-02 -4.52631572e-01 -4.63419158e-03 9.99879689e-01 -1.48033339e-02 -1.22258846e-02 1.08012743e-02 1.48526769e-02 9.99831291e-01 2.30835393e+01
9.99922533e-01 5.34146874e-03 -1.12360007e-02 -4.73261372e-01 -5.52326264e-03 9.99853386e-01 -1.62111195e-02 -1.30841394e-02 1.11477636e-02 1.62719221e-02 9.99805411e-01 2.40804930e+01
9.99905015e-01 7.85125583e-03 -1.13215407e-02 -4.95007127e-01 -8.05881393e-03 9.99798161e-01 -1.84052687e-02 -1.39646272e-02 1.11747531e-02 1.84947579e-02 9.99766434e-01 2.50834744e+01
9.99869950e-01 1.08056057e-02 -1.19651681e-02 -5.18090684e-01 -1.10349271e-02 9.99753477e-01 -1.92683514e-02 -1.49504073e-02 1.17540146e-02 1.93978804e-02 9.99742633e-01 2.61188502e+01
9.99842913e-01 1.30540740e-02 -1.19802572e-02 -5.37235473e-01 -1.32848264e-02 9.99723767e-01 -1.93877570e-02 -1.59838666e-02 1.17238613e-02 1.95438671e-02 9.99740137e-01 2.71471355e+01
9.99831231e-01 1.36897383e-02 -1.22429644e-02 -5.55554357e-01 -1.39261411e-02 9.99714060e-01 -1.94368776e-02 -1.70395597e-02 1.19733805e-02 1.96040935e-02 9.99736024e-01 2.81849060e+01
9.99838372e-01 1.30374382e-02 -1.23723893e-02 -5.72534358e-01 -1.32750186e-02 9.99725232e-01 -1.93184265e-02 -1.80827623e-02 1.21171298e-02 1.94795472e-02 9.99736711e-01 2.92012521e+01
9.99824184e-01 1.34190922e-02 -1.30873012e-02 -5.87627927e-01 -1.36550002e-02 9.99742794e-01 -1.81058910e-02 -1.91234589e-02 1.28409734e-02 1.82814155e-02 9.99750266e-01 3.02322038e+01
9.99816104e-01 1.33215100e-02 -1.37833542e-02 -5.98880424e-01 -1.35417567e-02 9.99780041e-01 -1.60109806e-02 -2.01214941e-02 1.35670358e-02 1.61946886e-02 9.99776604e-01 3.12732766e+01
9.99817965e-01 1.29579630e-02 -1.39907090e-02 -6.13920172e-01 -1.31661611e-02 9.99802301e-01 -1.48928489e-02 -2.10567831e-02 1.37949665e-02 1.50743442e-02 9.99790954e-01 3.23304013e+01
9.99821644e-01 1.23905132e-02 -1.42394942e-02 -6.31575080e-01 -1.26165787e-02 9.99793977e-01 -1.58971782e-02 -2.20625890e-02 1.40395900e-02 1.60739997e-02 9.99771978e-01 3.33656111e+01
9.99802484e-01 1.31728277e-02 -1.48666691e-02 -6.51639359e-01 -1.34234855e-02 9.99767175e-01 -1.68883124e-02 -2.30909499e-02 1.46407453e-02 1.70845427e-02 9.99746564e-01 3.44237441e+01
9.99801086e-01 1.22227598e-02 -1.57482946e-02 -6.68899355e-01 -1.24761741e-02 9.99792539e-01 -1.60948944e-02 -2.41176145e-02 1.55483080e-02 1.62881741e-02 9.99746165e-01 3.54593980e+01
9.99790813e-01 1.16423855e-02 -1.68040233e-02 -6.81976249e-01 -1.18673837e-02 9.99840351e-01 -1.33523853e-02 -2.51250258e-02 1.66458906e-02 1.35490144e-02 9.99769400e-01 3.65454245e+01
9.99780836e-01 1.19014734e-02 -1.72111328e-02 -7.00552058e-01 -1.20698017e-02 9.99879919e-01 -9.70947915e-03 -2.60345725e-02 1.70935127e-02 9.91508776e-03 9.99804506e-01 3.76320908e+01
9.99759076e-01 1.26240830e-02 -1.79453313e-02 -7.21616319e-01 -1.27576306e-02 9.99891509e-01 -7.34685167e-03 -2.68815695e-02 1.78506418e-02 7.57402280e-03 9.99811730e-01 3.87324658e+01
9.99765790e-01 1.22224921e-02 -1.78474852e-02 -7.44359938e-01 -1.23486683e-02 9.99899263e-01 -6.97651739e-03 -2.76263089e-02 1.77604220e-02 7.19527739e-03 9.99816120e-01 3.98325125e+01
9.99761677e-01 1.21064555e-02 -1.81551251e-02 -7.70338091e-01 -1.22642591e-02 9.99887581e-01 -8.60576948e-03 -2.83459783e-02 1.80489046e-02 8.82637896e-03 9.99797881e-01 4.09076034e+01
9.99740319e-01 1.30679864e-02 -1.86576432e-02 -7.97646609e-01 -1.32424864e-02 9.99869283e-01 -9.25985186e-03 -2.91284021e-02 1.85342019e-02 9.50452226e-03 9.99782803e-01 4.19988259e+01
9.99724175e-01 1.34060065e-02 -1.92722472e-02 -8.25556778e-01 -1.35672098e-02 9.99873697e-01 -8.25808890e-03 -2.99215339e-02 1.91591110e-02 8.51728339e-03 9.99779886e-01 4.31067588e+01
9.99708617e-01 1.34665170e-02 -2.00222552e-02 -8.50060595e-01 -1.35929267e-02 9.99888256e-01 -6.19064513e-03 -3.07340120e-02 1.99366586e-02 6.46100388e-03 9.99780052e-01 4.42333239e+01
9.99687263e-01 1.41430195e-02 -2.06116918e-02 -8.79684671e-01 -1.42208007e-02 9.99892101e-01 -3.63182301e-03 -3.14519576e-02 2.05581091e-02 3.92380339e-03 9.99780653e-01 4.54104516e+01
9.99644081e-01 1.53849865e-02 -2.17818951e-02 -9.10179143e-01 -1.54689752e-02 9.99873345e-01 -3.69254214e-03 -3.22007382e-02 2.17223330e-02 4.02817315e-03 9.99755589e-01 4.65350202e+01
9.99629463e-01 1.61041156e-02 -2.19312904e-02 -9.40428081e-01 -1.62666236e-02 9.99841166e-01 -7.25160135e-03 -3.30653135e-02 2.18110338e-02 7.60566459e-03 9.99732816e-01 4.76616470e+01
9.99609895e-01 1.68245847e-02 -2.22793009e-02 -9.71860398e-01 -1.70728221e-02 9.99793489e-01 -1.09989591e-02 -3.40167585e-02 2.20896549e-02 1.13750416e-02 9.99690926e-01 4.87882900e+01
9.99603327e-01 1.75366371e-02 -2.20238718e-02 -1.00114594e+00 -1.77839154e-02 9.99780153e-01 -1.10823216e-02 -3.49759322e-02 2.18246912e-02 1.14695983e-02 9.99695688e-01 4.98673994e+01
9.99581945e-01 1.87998517e-02 -2.19519732e-02 -1.03245698e+00 -1.89820280e-02 9.99786589e-01 -8.12000314e-03 -3.58531721e-02 2.17946406e-02 8.53330284e-03 9.99725740e-01 5.10090450e+01
9.99568944e-01 1.99240859e-02 -2.15497137e-02 -1.06166036e+00 -2.00484415e-02 9.99783264e-01 -5.56987999e-03 -3.66802311e-02 2.14340750e-02 5.99951817e-03 9.99751957e-01 5.21640888e+01
9.99591061e-01 1.89394672e-02 -2.14119698e-02 -1.08540797e+00 -1.90344808e-02 9.99809630e-01 -4.24217118e-03 -3.74469334e-02 2.13275554e-02 4.64800296e-03 9.99761435e-01 5.32817436e+01
9.99598472e-01 1.88003425e-02 -2.11857410e-02 -1.11211290e+00 -1.89074341e-02 9.99809179e-01 -4.86581616e-03 -3.81323035e-02 2.10902260e-02 5.26443163e-03 9.99763372e-01 5.43864826e+01
9.99624728e-01 1.77282708e-02 -2.08687666e-02 -1.13456488e+00 -1.78717645e-02 9.99817538e-01 -6.70953516e-03 -3.88200751e-02 2.07460179e-02 7.07998053e-03 9.99759344e-01 5.55025231e+01
9.99642020e-01 1.72574940e-02 -2.04292175e-02 -1.15815542e+00 -1.74462145e-02 9.99806138e-01 -9.09568149e-03 -3.96110133e-02 2.02682968e-02 9.44883994e-03 9.99749538e-01 5.66000870e+01
9.99662108e-01 1.65441830e-02 -2.00347274e-02 -1.18376285e+00 -1.67865072e-02 9.99786972e-01 -1.19878426e-02 -4.04698703e-02 1.98321383e-02 1.23201072e-02 9.99727056e-01 5.77003319e+01
9.99699281e-01 1.46628748e-02 -1.96435086e-02 -1.20200318e+00 -1.49673046e-02 9.99768534e-01 -1.54412023e-02 -4.13838205e-02 1.94125565e-02 1.57305713e-02 9.99687485e-01 5.87252108e+01
9.99714348e-01 1.39290074e-02 -1.94104644e-02 -1.22392620e+00 -1.42633821e-02 9.99750197e-01 -1.71956840e-02 -4.24255531e-02 1.91661033e-02 1.74676324e-02 9.99663440e-01 5.97628938e+01
9.99737404e-01 1.25633335e-02 -1.91529941e-02 -1.24260831e+00 -1.28515570e-02 9.99804739e-01 -1.50002361e-02 -4.34477743e-02 1.89608067e-02 1.52424451e-02 9.99703759e-01 6.08031132e+01
9.99749520e-01 1.11223133e-02 -1.94097560e-02 -1.25968586e+00 -1.13056897e-02 9.99892067e-01 -9.36344079e-03 -4.43859495e-02 1.93035240e-02 9.58053700e-03 9.99767485e-01 6.18753144e+01
9.99766942e-01 8.75531304e-03 -1.97217767e-02 -1.27448464e+00 -8.82147313e-03 9.99955563e-01 -3.27000815e-03 -4.52025471e-02 1.96922768e-02 3.44322146e-03 9.99799860e-01 6.29491383e+01
9.99775040e-01 7.45719607e-03 -1.98425840e-02 -1.29493371e+00 -7.50778314e-03 9.99968525e-01 -2.47598491e-03 -4.58677603e-02 1.98235027e-02 2.62440195e-03 9.99799726e-01 6.40364829e+01
9.99793233e-01 4.03645355e-03 -1.99172881e-02 -1.31417022e+00 -4.14796272e-03 9.99975740e-01 -5.56032921e-03 -4.65841753e-02 1.98943676e-02 5.64179625e-03 9.99785854e-01 6.50874317e+01
9.99792321e-01 2.53742298e-03 -2.02085727e-02 -1.33571208e+00 -2.71612302e-03 9.99957188e-01 -8.82010274e-03 -4.74187950e-02 2.01853344e-02 8.87316089e-03 9.99756573e-01 6.61508437e+01
9.99778203e-01 5.06772405e-03 -2.04288289e-02 -1.35867561e+00 -5.32347509e-03 9.99907697e-01 -1.24840927e-02 -4.84115869e-02 2.03636837e-02 1.25900781e-02 9.99713055e-01 6.72271342e+01
9.99771362e-01 6.53672988e-03 -2.03454810e-02 -1.38162133e+00 -6.87217208e-03 9.99840697e-01 -1.64611466e-02 -4.94597505e-02 2.02346434e-02 1.65972037e-02 9.99657192e-01 6.82599982e+01
9.99753527e-01 1.02122428e-02 -1.96995106e-02 -1.41046884e+00 -1.05498998e-02 9.99797667e-01 -1.71130823e-02 -5.05423594e-02 1.95207684e-02 1.73166947e-02 9.99659179e-01 6.92793066e+01
9.99722831e-01 1.38234816e-02 -1.90436424e-02 -1.43909237e+00 -1.40745715e-02 9.99814740e-01 -1.31144460e-02 -5.16244360e-02 1.88588329e-02 1.33788442e-02 9.99732354e-01 7.03786733e+01
9.99704120e-01 1.51992098e-02 -1.89777131e-02 -1.46716431e+00 -1.54070806e-02 9.99822187e-01 -1.08554738e-02 -5.26603167e-02 1.88093495e-02 1.11446546e-02 9.99760697e-01 7.14944381e+01
9.99711791e-01 1.46227397e-02 -1.90265568e-02 -1.49309457e+00 -1.48150859e-02 9.99839981e-01 -1.00077780e-02 -5.36746633e-02 1.88771766e-02 1.02867753e-02 9.99768611e-01 7.25917706e+01
9.99743085e-01 1.21962059e-02 -1.90920276e-02 -1.51445473e+00 -1.23738537e-02 9.99880782e-01 -9.21430383e-03 -5.45461630e-02 1.89773781e-02 9.44818000e-03 9.99774971e-01 7.36715991e+01
9.99750851e-01 1.07996946e-02 -1.95221837e-02 -1.53492093e+00 -1.09494050e-02 9.99911109e-01 -7.57796419e-03 -5.54188779e-02 1.94386157e-02 7.78983319e-03 9.99780406e-01 7.47657034e+01
9.99760993e-01 8.98975024e-03 -1.99155219e-02 -1.55623794e+00 -9.09994773e-03 9.99943538e-01 -5.44935912e-03 -5.62202913e-02 1.98654158e-02 5.62928758e-03 9.99786497e-01 7.58431670e+01
9.99763556e-01 7.93383733e-03 -2.02332133e-02 -1.58130668e+00 -8.01037767e-03 9.99960820e-01 -3.70447685e-03 -5.69910768e-02 2.02030377e-02 3.86567694e-03 9.99788084e-01 7.69468251e+01
9.99754601e-01 7.74535658e-03 -2.07413325e-02 -1.60587617e+00 -7.84421265e-03 9.99957980e-01 -4.68883858e-03 -5.76660947e-02 2.07041526e-02 4.85038784e-03 9.99773522e-01 7.79919452e+01
9.99727857e-01 7.81540044e-03 -2.19673157e-02 -1.63152697e+00 -8.00265766e-03 9.99931996e-01 -8.44922675e-03 -5.84164079e-02 2.18997970e-02 8.62272548e-03 9.99722612e-01 7.90496345e+01
9.99699220e-01 8.68360871e-03 -2.29226236e-02 -1.65983298e+00 -8.92518000e-03 9.99905198e-01 -1.04571925e-02 -5.92057090e-02 2.28296540e-02 1.06586377e-02 9.99682147e-01 8.00722533e+01
9.99658800e-01 1.10947550e-02 -2.36323070e-02 -1.69087794e+00 -1.13069613e-02 9.99896464e-01 -8.86472805e-03 -6.00148583e-02 2.35315183e-02 9.12891520e-03 9.99680982e-01 8.11352196e+01
9.99624374e-01 1.31892792e-02 -2.40097694e-02 -1.72238929e+00 -1.33015799e-02 9.99900981e-01 -4.52345577e-03 -6.07832348e-02 2.39477403e-02 4.84112506e-03 9.99701099e-01 8.22182551e+01
9.99587376e-01 1.43747335e-02 -2.48555880e-02 -1.75045336e+00 -1.43828286e-02 9.99896260e-01 -1.46798053e-04 -6.14959714e-02 2.48509084e-02 5.04230810e-04 9.99690669e-01 8.32850416e+01
9.99548556e-01 1.57643319e-02 -2.55641200e-02 -1.78023446e+00 -1.57459391e-02 9.99875312e-01 9.20766217e-04 -6.22284283e-02 2.55754580e-02 -5.17819894e-04 9.99672342e-01 8.43561598e+01
9.99533011e-01 1.61491570e-02 -2.59302198e-02 -1.80616883e+00 -1.61784009e-02 9.99868463e-01 -9.18267114e-04 -6.28402517e-02 2.59119887e-02 1.33734760e-03 9.99662945e-01 8.53727310e+01
9.99520589e-01 1.60770297e-02 -2.64482611e-02 -1.83561331e+00 -1.61231982e-02 9.99868584e-01 -1.53315533e-03 -6.35145986e-02 2.64201466e-02 1.95885078e-03 9.99648594e-01 8.64201235e+01
9.99514258e-01 1.57979617e-02 -2.68526476e-02 -1.86643174e+00 -1.58500741e-02 9.99872633e-01 -1.72881086e-03 -6.42096993e-02 2.68219267e-02 2.15358757e-03 9.99637453e-01 8.74651519e+01
9.99512505e-01 1.41594465e-02 -2.78155902e-02 -1.89351833e+00 -1.42062847e-02 9.99897720e-01 -1.48685239e-03 -6.48769715e-02 2.77917046e-02 1.88128370e-03 9.99611495e-01 8.84804722e+01
9.99512043e-01 1.26764222e-02 -2.85400036e-02 -1.92190271e+00 -1.26826872e-02 9.99919319e-01 -3.83596135e-05 -6.54922053e-02 2.85372283e-02 4.00304697e-04 9.99592179e-01 8.94934380e+01
9.99492454e-01 1.25560578e-02 -2.92694673e-02 -1.95247730e+00 -1.24839788e-02 9.99918308e-01 2.64418562e-03 -6.60510627e-02 2.93002903e-02 -2.27744423e-03 9.99567598e-01 9.05062916e+01
9.99469277e-01 1.05343787e-02 -3.08164923e-02 -1.98289194e+00 -1.04327755e-02 9.99939311e-01 3.45611818e-03 -6.65419939e-02 3.08510447e-02 -3.13278257e-03 9.99518585e-01 9.15212608e+01
9.99414098e-01 8.95755290e-03 -3.30250320e-02 -2.01686901e+00 -8.83534731e-03 9.99953264e-01 3.84461034e-03 -6.70603349e-02 3.30579419e-02 -3.55057041e-03 9.99446618e-01 9.25213854e+01
9.99303340e-01 7.79205139e-03 -3.64898990e-02 -2.05353140e+00 -7.68535229e-03 9.99965440e-01 3.06355393e-03 -6.76075501e-02 3.65125270e-02 -2.78098236e-03 9.99328757e-01 9.35136922e+01
9.99152746e-01 7.37522888e-03 -4.04810285e-02 -2.09514952e+00 -7.29059034e-03 9.99970562e-01 2.23816151e-03 -6.81497255e-02 4.04963622e-02 -1.94113514e-03 9.99177200e-01 9.44721636e+01
9.99012032e-01 6.13752066e-03 -4.40074421e-02 -2.13763674e+00 -6.03568506e-03 9.99978416e-01 2.44666282e-03 -6.87079583e-02 4.40215290e-02 -2.17863100e-03 9.99027614e-01 9.54253082e+01
9.98846204e-01 6.75955052e-03 -4.75387544e-02 -2.18969315e+00 -6.59322462e-03 9.99971239e-01 3.65477583e-03 -6.92213274e-02 4.75621112e-02 -3.33712588e-03 9.98862110e-01 9.63671029e+01
9.98701742e-01 7.12623147e-03 -5.04326882e-02 -2.23989854e+00 -6.88528688e-03 9.99963734e-01 4.94975809e-03 -6.97810979e-02 5.04661497e-02 -4.59608901e-03 9.98714628e-01 9.72954230e+01
9.98568764e-01 7.10723032e-03 -5.30029049e-02 -2.29170942e+00 -6.77697273e-03 9.99956162e-01 6.40814649e-03 -7.02285187e-02 5.30461457e-02 -6.03977620e-03 9.98573203e-01 9.81928580e+01
9.98434533e-01 7.38146404e-03 -5.54376019e-02 -2.34273425e+00 -6.99219315e-03 9.99949163e-01 7.21255368e-03 -7.06457404e-02 5.54880446e-02 -6.81363290e-03 9.98435491e-01 9.90536228e+01
9.98312918e-01 8.29513314e-03 -5.74623898e-02 -2.39523290e+00 -7.86751303e-03 9.99939345e-01 7.66405794e-03 -7.10030511e-02 5.75224978e-02 -7.19904228e-03 9.98317688e-01 9.98773454e+01
9.98151207e-01 9.17016945e-03 -6.00793253e-02 -2.44713440e+00 -8.79742708e-03 9.99940120e-01 6.46581941e-03 -7.13113368e-02 6.01350357e-02 -5.92532244e-03 9.98172118e-01 1.00659005e+02
9.97986838e-01 1.01387014e-02 -6.26013279e-02 -2.49910371e+00 -9.97813102e-03 9.99945837e-01 2.87713295e-03 -7.16141685e-02 6.26271188e-02 -2.24669704e-03 9.98033947e-01 1.01421881e+02
9.97795815e-01 1.20996989e-02 -6.52428781e-02 -2.55201876e+00 -1.21677741e-02 9.99925569e-01 -6.46086379e-04 -7.19898202e-02 6.52302145e-02 1.43852241e-03 9.97868692e-01 1.02128586e+02
9.97604731e-01 1.36691098e-02 -6.78052070e-02 -2.60125617e+00 -1.39167792e-02 9.99897910e-01 -3.18156411e-03 -7.24469282e-02 6.77548080e-02 4.11757273e-03 9.97692977e-01 1.02805340e+02
9.97492520e-01 1.59115891e-02 -6.89571342e-02 -2.65157902e+00 -1.62392845e-02 9.99859153e-01 -4.19409301e-03 -7.29617654e-02 6.88806985e-02 5.30339003e-03 9.97610292e-01 1.03448546e+02
9.97503246e-01 1.86214921e-02 -6.81188796e-02 -2.69745170e+00 -1.89222892e-02 9.99813704e-01 -3.77308119e-03 -7.34234326e-02 6.80359373e-02 5.05262499e-03 9.97669596e-01 1.04056905e+02
9.97621879e-01 2.28028799e-02 -6.50405240e-02 -2.74213136e+00 -2.29965708e-02 9.99732945e-01 -2.23075180e-03 -7.38273035e-02 6.49722931e-02 3.72115542e-03 9.97879660e-01 1.04672336e+02
9.97868367e-01 2.62464092e-02 -5.97448163e-02 -2.77490688e+00 -2.63332323e-02 9.99652830e-01 -6.66138823e-04 -7.42102140e-02 5.97066019e-02 2.23799298e-03 9.98212948e-01 1.05273758e+02
9.98235686e-01 2.74972730e-02 -5.26216437e-02 -2.79570250e+00 -2.74502492e-02 9.99621712e-01 1.61638179e-03 -7.45687619e-02 5.26461978e-02 -1.69052209e-04 9.98612660e-01 1.05847122e+02
9.98699481e-01 2.72198401e-02 -4.31047276e-02 -2.80366160e+00 -2.70653910e-02 9.99624819e-01 4.16288843e-03 -7.48691884e-02 4.32018847e-02 -2.99082702e-03 9.99061342e-01 1.06400272e+02
9.99121858e-01 2.68445873e-02 -3.21649897e-02 -2.80517833e+00 -2.66842221e-02 9.99629161e-01 5.40488563e-03 -7.51348366e-02 3.22981708e-02 -4.54183988e-03 9.99467459e-01 1.06911772e+02
9.99463432e-01 2.61087302e-02 -1.97716139e-02 -2.79891990e+00 -2.60091653e-02 9.99647641e-01 5.27660434e-03 -7.53652592e-02 1.99024338e-02 -4.75952819e-03 9.99790071e-01 1.07389092e+02
9.99629393e-01 2.67381480e-02 -5.08449847e-03 -2.78963519e+00 -2.67171393e-02 9.99634198e-01 4.15724536e-03 -7.56231684e-02 5.19382102e-03 -4.01985970e-03 9.99977886e-01 1.07875927e+02
9.99575581e-01 2.62388428e-02 1.26417278e-02 -2.77053678e+00 -2.62544291e-02 9.99654549e-01 1.06808061e-03 -7.59074718e-02 -1.26093062e-02 -1.39952743e-03 9.99918977e-01 1.08359976e+02
9.99092234e-01 2.64350590e-02 3.33999588e-02 -2.74220884e+00 -2.63343731e-02 9.99647036e-01 -3.45114268e-03 -7.62124381e-02 -3.34793698e-02 2.56844316e-03 9.99435567e-01 1.08819352e+02
9.98090958e-01 2.46628141e-02 5.66202452e-02 -2.69762938e+00 -2.42518821e-02 9.99674201e-01 -7.93359723e-03 -7.66481847e-02 -5.67974273e-02 6.54530338e-03 9.98363775e-01 1.09271298e+02
9.96369740e-01 2.26357476e-02 8.20650581e-02 -2.63752602e+00 -2.18426634e-02 9.99705559e-01 -1.05492226e-02 -7.70920871e-02 -8.22796464e-02 8.71840546e-03 9.96570625e-01 1.09714132e+02
9.93739348e-01 2.01417368e-02 1.09891340e-01 -2.56344154e+00 -1.89579543e-02 9.99750336e-01 -1.18066841e-02 -7.75158742e-02 -1.10101675e-01 9.64945025e-03 9.93872927e-01 1.10161461e+02
9.89903034e-01 1.81239055e-02 1.40581623e-01 -2.47436326e+00 -1.63523112e-02 9.99771538e-01 -1.37469767e-02 -7.79594329e-02 -1.40798616e-01 1.13093378e-02 9.89973078e-01 1.10612516e+02
9.84504643e-01 1.58514758e-02 1.74639510e-01 -2.37002975e+00 -1.32993510e-02 9.99786845e-01 -1.57744022e-02 -7.84053940e-02 -1.74852298e-01 1.32073785e-02 9.84505471e-01 1.11042762e+02
9.77644242e-01 1.26576960e-02 2.09883482e-01 -2.24795481e+00 -9.38850170e-03 9.99818411e-01 -1.65653460e-02 -7.89148874e-02 -2.10055006e-01 1.42245221e-02 9.77585478e-01 1.11464877e+02
9.68948315e-01 1.05291227e-02 2.47038217e-01 -2.10748109e+00 -6.30919548e-03 9.99820124e-01 -1.78674991e-02 -7.93853848e-02 -2.47181877e-01 1.57540682e-02 9.68840409e-01 1.11899988e+02
9.58233267e-01 1.14964648e-02 2.85755889e-01 -1.95143797e+00 -6.16472896e-03 9.99789564e-01 -1.95509776e-02 -7.97923566e-02 -2.85920477e-01 1.69727876e-02 9.58102400e-01 1.12304490e+02
9.44911520e-01 1.36404978e-02 3.27040869e-01 -1.77123083e+00 -7.35965569e-03 9.99763828e-01 -2.04349452e-02 -8.02979479e-02 -3.27242304e-01 1.69023050e-02 9.44788679e-01 1.12732329e+02
9.29475139e-01 1.44969054e-02 3.68599191e-01 -1.58640359e+00 -7.66446918e-03 9.99770392e-01 -1.99936800e-02 -8.07576985e-02 -3.68804352e-01 1.57585087e-02 9.29372835e-01 1.13115977e+02
9.10497312e-01 1.47303423e-02 4.13251911e-01 -1.37195077e+00 -7.40674021e-03 9.99785542e-01 -1.93184299e-02 -8.12174391e-02 -4.13447832e-01 1.45285264e-02 9.10411217e-01 1.13497176e+02
8.89074052e-01 1.48626245e-02 4.57521550e-01 -1.13360815e+00 -6.13808892e-03 9.99769615e-01 -2.05498442e-02 -8.17168622e-02 -4.57721534e-01 1.54620224e-02 8.88960482e-01 1.13874029e+02
8.65717819e-01 1.64015036e-02 5.00263088e-01 -8.66434710e-01 -5.58467550e-03 9.99716930e-01 -2.31120755e-02 -8.23035069e-02 -5.00500512e-01 1.72147268e-02 8.65564356e-01 1.14257132e+02
8.39636199e-01 1.90860947e-02 5.42813265e-01 -5.94127727e-01 -5.13022010e-03 9.99616119e-01 -2.72124165e-02 -8.28855044e-02 -5.43124246e-01 2.00637767e-02 8.39411838e-01 1.14595524e+02
8.09554221e-01 2.37475893e-02 5.86564126e-01 -3.01957394e-01 -5.73523438e-03 9.99453314e-01 -3.25482483e-02 -8.35369078e-02 -5.87016394e-01 2.29854876e-02 8.09247880e-01 1.14920516e+02
7.77798867e-01 2.94961135e-02 6.27820326e-01 2.37999234e-02 -7.99410429e-03 9.99281259e-01 -3.70442284e-02 -8.42690042e-02 -6.28461722e-01 2.37940963e-02 7.77475680e-01 1.15243316e+02
7.41068154e-01 3.53041375e-02 6.70500652e-01 3.64964513e-01 -1.12455177e-02 9.99128808e-01 -4.01784857e-02 -8.50559468e-02 -6.71334997e-01 2.22348663e-02 7.40819621e-01 1.15546809e+02
7.01933831e-01 3.58408978e-02 7.11339463e-01 7.21162530e-01 -9.45765981e-03 9.99113595e-01 -4.10078389e-02 -8.60245330e-02 -7.12178745e-01 2.20571792e-02 7.01650686e-01 1.15848827e+02
6.60940965e-01 3.47307940e-02 7.49633463e-01 1.11027612e+00 -7.12214092e-03 9.99173328e-01 -4.00126026e-02 -8.69314393e-02 -7.50403487e-01 2.11069691e-02 6.60642023e-01 1.16143138e+02
6.17182182e-01 3.36329593e-02 7.86100817e-01 1.51346887e+00 -5.79471245e-03 9.99252756e-01 -3.82030509e-02 -8.78451724e-02 -7.86798331e-01 1.90230107e-02 6.16915952e-01 1.16404866e+02
5.70428650e-01 3.33577743e-02 8.20669227e-01 1.92093547e+00 -5.25423506e-03 9.99302246e-01 -3.69665990e-02 -8.86643769e-02 -8.21329757e-01 1.67748138e-02 5.70205975e-01 1.16639605e+02
5.25985465e-01 3.17679747e-02 8.49899795e-01 2.35386622e+00 -4.02706569e-03 9.99383521e-01 -3.48632053e-02 -8.95293853e-02 -8.50483456e-01 1.49149318e-02 5.25789204e-01 1.16854118e+02
4.80493358e-01 2.87022560e-02 8.76528309e-01 2.80103027e+00 -2.34786841e-03 9.99502292e-01 -3.14420624e-02 -9.03522933e-02 -8.76994651e-01 1.30497228e-02 4.80321696e-01 1.17061365e+02
4.30276386e-01 2.94246277e-02 9.02217259e-01 3.29962432e+00 -3.80380166e-03 9.99518284e-01 -3.07839270e-02 -9.10862950e-02 -9.02688630e-01 9.81373432e-03 4.30181123e-01 1.17258261e+02
3.78540112e-01 3.41807895e-02 9.24953349e-01 3.77707135e+00 -6.32228286e-03 9.99389571e-01 -3.43441212e-02 -9.17865474e-02 -9.25562761e-01 7.15280321e-03 3.78525205e-01 1.17403317e+02
3.29331770e-01 3.83911043e-02 9.43433296e-01 4.26170089e+00 -7.23323613e-03 9.99245786e-01 -3.81373460e-02 -9.25363258e-02 -9.44186024e-01 5.73575604e-03 3.29361159e-01 1.17536442e+02
2.84479175e-01 4.03064013e-02 9.57834333e-01 4.78929018e+00 -5.61591298e-03 9.99168100e-01 -4.03778486e-02 -9.33401410e-02 -9.58665205e-01 6.10753513e-03 2.84468970e-01 1.17649271e+02
2.46709064e-01 3.97646744e-02 9.68273230e-01 5.35915799e+00 4.82817534e-04 9.99152062e-01 -4.11558411e-02 -9.43058724e-02 -9.69088936e-01 1.06210118e-02 2.46480743e-01 1.17758065e+02
2.13696196e-01 3.90056282e-02 9.76120924e-01 5.90844230e+00 7.04263249e-03 9.99114505e-01 -4.14662743e-02 -9.52228312e-02 -9.76874260e-01 1.57356407e-02 2.13232323e-01 1.17843591e+02
1.85508462e-01 3.95777009e-02 9.81845092e-01 6.51118024e+00 9.80307502e-03 9.99063712e-01 -4.21239810e-02 -9.62316439e-02 -9.82593279e-01 1.74394505e-02 1.84946834e-01 1.17928420e+02
1.60440865e-01 3.83033226e-02 9.86301723e-01 7.09831425e+00 7.48708133e-03 9.99170172e-01 -4.00210158e-02 -9.70901185e-02 -9.87016546e-01 1.38055211e-02 1.60020988e-01 1.18005918e+02
1.36170477e-01 3.49991383e-02 9.90066737e-01 7.73021337e+00 1.95317572e-03 9.99363732e-01 -3.55964474e-02 -9.80011587e-02 -9.90682983e-01 6.78095070e-03 1.36015505e-01 1.18093257e+02
1.13729159e-01 3.13685335e-02 9.93016160e-01 8.37642289e+00 -2.26153862e-03 9.99506397e-01 -3.13145657e-02 -9.89335935e-02 -9.93508668e-01 1.31562418e-03 1.13743985e-01 1.18161308e+02
9.22152732e-02 2.87372001e-02 9.95324057e-01 9.06951809e+00 1.51998601e-03 9.99577650e-01 -2.90008574e-02 -1.00009315e-01 -9.95737429e-01 4.18719107e-03 9.21326536e-02 1.18205856e+02
7.18005718e-02 2.88279614e-02 9.97002078e-01 9.78447043e+00 8.41774823e-03 9.99528565e-01 -2.95072527e-02 -1.00998761e-01 -9.97382988e-01 1.05111425e-02 7.15240556e-02 1.18236294e+02
5.28213965e-02 3.09868922e-02 9.98122881e-01 1.04850239e+01 1.31751716e-02 9.99409304e-01 -3.17240910e-02 -1.01925780e-01 -9.98516601e-01 1.48261440e-02 5.23819275e-02 1.18257852e+02
3.58581829e-02 3.60955592e-02 9.98704581e-01 1.11899487e+01 1.42309439e-02 9.99227192e-01 -3.66254273e-02 -1.02946161e-01 -9.99255056e-01 1.55258239e-02 3.53167853e-02 1.18266317e+02
2.41232937e-02 4.08170505e-02 9.98875159e-01 1.19388773e+01 1.26264710e-02 9.99073525e-01 -4.11301099e-02 -1.04096394e-01 -9.99628752e-01 1.36044555e-02 2.35855518e-02 1.18274116e+02
1.80506979e-02 4.02623735e-02 9.99025855e-01 1.27381509e+01 1.54974398e-02 9.99057104e-01 -4.05436623e-02 -1.05442594e-01 -9.99716489e-01 1.62141785e-02 1.74096944e-02 1.18280575e+02
1.54735772e-02 3.67731242e-02 9.99203620e-01 1.35573460e+01 2.16429596e-02 9.99076572e-01 -3.71036258e-02 -1.06706696e-01 -9.99645566e-01 2.21998442e-02 1.46633882e-02 1.18289044e+02
1.55760220e-02 3.54141392e-02 9.99251108e-01 1.43553182e+01 2.27854764e-02 9.99100014e-01 -3.57639737e-02 -1.07883067e-01 -9.99618583e-01 2.33254682e-02 1.47550547e-02 1.18303293e+02
1.71110002e-02 3.55316847e-02 9.99221800e-01 1.51668548e+01 2.09844147e-02 9.99135042e-01 -3.58879562e-02 -1.09080341e-01 -9.99632919e-01 2.15821594e-02 1.63505668e-02 1.18325129e+02
1.86763844e-02 3.62439257e-02 9.99168199e-01 1.59760819e+01 1.71777834e-02 9.99183209e-01 -3.65655669e-02 -1.10286007e-01 -9.99677551e-01 1.78464030e-02 1.80385179e-02 1.18351365e+02
1.98551352e-02 3.76202422e-02 9.99094615e-01 1.67973580e+01 1.68642314e-02 9.99136696e-01 -3.79569815e-02 -1.11564903e-01 -9.99660203e-01 1.76025989e-02 1.92035357e-02 1.18371850e+02
2.04646274e-02 3.86577849e-02 9.99042698e-01 1.76186329e+01 1.66259737e-02 9.99100475e-01 -3.90006014e-02 -1.12914878e-01 -9.99651868e-01 1.74081859e-02 1.98034746e-02 1.18390981e+02
2.14711829e-02 3.84053665e-02 9.99031313e-01 1.84493135e+01 1.67736584e-02 9.99107040e-01 -3.87687871e-02 -1.14307478e-01 -9.99628247e-01 1.75898180e-02 2.08077914e-02 1.18414516e+02
2.21950549e-02 3.70838890e-02 9.99065430e-01 1.92695110e+01 1.59764972e-02 9.99170678e-01 -3.74427375e-02 -1.15630580e-01 -9.99625511e-01 1.67926055e-02 2.15841573e-02 1.18439521e+02
2.21019988e-02 3.54719943e-02 9.99126019e-01 2.01004443e+01 1.76154166e-02 9.99201012e-01 -3.58643451e-02 -1.17002056e-01 -9.99599999e-01 1.83926913e-02 2.14594666e-02 1.18457725e+02
2.10728545e-02 3.29867141e-02 9.99233424e-01 2.09160813e+01 1.87564935e-02 9.99266203e-01 -3.33833670e-02 -1.18302338e-01 -9.99601476e-01 1.94455937e-02 2.04386578e-02 1.18470656e+02
1.94460256e-02 3.12335040e-02 9.99322720e-01 2.17403446e+01 1.61637021e-02 9.99371076e-01 -3.15495616e-02 -1.19542173e-01 -9.99679754e-01 1.67662640e-02 1.89289272e-02 1.18491292e+02
1.83858737e-02 2.98534446e-02 9.99384944e-01 2.25548548e+01 1.54376685e-02 9.99426088e-01 -3.01386960e-02 -1.20761067e-01 -9.99711298e-01 1.59822955e-02 1.79144344e-02 1.18507664e+02
1.80797060e-02 2.69993695e-02 9.99471662e-01 2.33809858e+01 1.89637947e-02 9.99445827e-01 -2.73417230e-02 -1.21894317e-01 -9.99656204e-01 1.94481030e-02 1.75576556e-02 1.18513505e+02
1.71684149e-02 2.51801584e-02 9.99535245e-01 2.42088936e+01 2.08664441e-02 9.99455705e-01 -2.55365748e-02 -1.22962025e-01 -9.99634405e-01 2.12951660e-02 1.66336282e-02 1.18524570e+02
1.55622225e-02 2.43600051e-02 9.99581854e-01 2.50715720e+01 1.83213771e-02 9.99527987e-01 -2.46439430e-02 -1.24060464e-01 -9.99710582e-01 1.86972270e-02 1.51085462e-02 1.18545086e+02
1.41855155e-02 2.91459645e-02 9.99474241e-01 2.59397627e+01 1.59985504e-02 9.99440092e-01 -2.93720465e-02 -1.25161499e-01 -9.99770982e-01 1.64067914e-02 1.37112570e-02 1.18562165e+02
1.33722278e-02 3.37212329e-02 9.99341512e-01 2.67913888e+01 1.75528921e-02 9.99268838e-01 -3.39536648e-02 -1.26337528e-01 -9.99756120e-01 1.79953655e-02 1.27705217e-02 1.18574417e+02
1.25299504e-02 3.50148610e-02 9.99307926e-01 2.76886347e+01 1.78289877e-02 9.99219600e-01 -3.52353232e-02 -1.27698170e-01 -9.99762170e-01 1.82581414e-02 1.18958679e-02 1.18584524e+02
1.12764130e-02 3.27370944e-02 9.99400063e-01 2.85922834e+01 1.47954889e-02 9.99348639e-01 -3.29023573e-02 -1.29026416e-01 -9.99826563e-01 1.51576283e-02 1.07846822e-02 1.18599173e+02
1.06202433e-02 2.84081665e-02 9.99539655e-01 2.95430439e+01 1.22346712e-02 9.99517416e-01 -2.85375369e-02 -1.30291905e-01 -9.99868385e-01 1.25321088e-02 1.02675287e-02 1.18612934e+02
1.09269329e-02 2.29013815e-02 9.99677676e-01 3.04993613e+01 1.07409488e-02 9.99676869e-01 -2.30187758e-02 -1.31505528e-01 -9.99882212e-01 1.09890051e-02 1.06773953e-02 1.18623027e+02
1.04159058e-02 1.73068466e-02 9.99795636e-01 3.14484067e+01 7.11129488e-03 9.99823152e-01 -1.73814191e-02 -1.32581511e-01 -9.99920084e-01 7.29087685e-03 1.02909654e-02 1.18640471e+02
1.01194477e-02 1.60902450e-02 9.99819034e-01 3.24145105e+01 5.02533488e-03 9.99856623e-01 -1.61417235e-02 -1.33523322e-01 -9.99935833e-01 5.18776171e-03 1.00371132e-02 1.18653001e+02
1.02324890e-02 2.27469329e-02 9.99688557e-01 3.33424333e+01 7.29639435e-03 9.99712404e-01 -2.28221707e-02 -1.34591810e-01 -9.99920668e-01 7.52764131e-03 1.00635513e-02 1.18663238e+02
1.04702784e-02 3.37199852e-02 9.99376119e-01 3.42210958e+01 9.47323248e-03 9.99382544e-01 -3.38194620e-02 -1.35836595e-01 -9.99899938e-01 9.82141431e-03 1.01443521e-02 1.18671585e+02
1.10561063e-02 3.83048421e-02 9.99204567e-01 3.51397193e+01 1.09529125e-02 9.99200923e-01 -3.84259041e-02 -1.37365992e-01 -9.99878504e-01 1.13690350e-02 1.06276981e-02 1.18679201e+02
1.32699409e-02 3.22556058e-02 9.99391200e-01 3.60728222e+01 1.31484052e-02 9.99387083e-01 -3.24300621e-02 -1.38883364e-01 -9.99825137e-01 1.35707410e-02 1.28376739e-02 1.18684972e+02
1.47473155e-02 2.44855484e-02 9.99591079e-01 3.70292616e+01 1.62307893e-02 9.99562097e-01 -2.47243038e-02 -1.40196451e-01 -9.99759146e-01 1.65887659e-02 1.43434151e-02 1.18689393e+02
1.54286711e-02 2.14396505e-02 9.99650714e-01 3.79908671e+01 1.81246105e-02 9.99599385e-01 -2.17182903e-02 -1.41366542e-01 -9.99716323e-01 1.84533624e-02 1.50338816e-02 1.18703541e+02
1.55315905e-02 2.21720447e-02 9.99633113e-01 3.89134974e+01 1.75688648e-02 9.99593275e-01 -2.24441366e-02 -1.42470232e-01 -9.99724670e-01 1.79110104e-02 1.51357117e-02 1.18718428e+02
1.51725610e-02 2.33165680e-02 9.99612577e-01 3.98748049e+01 1.53624217e-02 9.99604160e-01 -2.35495530e-02 -1.43690185e-01 -9.99766526e-01 1.57137738e-02 1.48083322e-02 1.18737729e+02
1.40787676e-02 2.35655768e-02 9.99622736e-01 4.08528012e+01 1.43871452e-02 9.99613451e-01 -2.37679935e-02 -1.44894611e-01 -9.99797036e-01 1.47163371e-02 1.37342604e-02 1.18754753e+02
1.31244374e-02 2.31731242e-02 9.99644901e-01 4.18387136e+01 1.43423779e-02 9.99623670e-01 -2.33609417e-02 -1.46089711e-01 -9.99810683e-01 1.46438791e-02 1.27871163e-02 1.18767807e+02
1.17490484e-02 2.32971180e-02 9.99659152e-01 4.28315296e+01 1.37072102e-02 9.99630328e-01 -2.34575555e-02 -1.47298556e-01 -9.99836745e-01 1.39781357e-02 1.14253410e-02 1.18781102e+02
9.74528752e-03 2.34794127e-02 9.99676400e-01 4.38435304e+01 1.31395070e-02 9.99634419e-01 -2.36065239e-02 -1.48529118e-01 -9.99865881e-01 1.33653011e-02 9.43319030e-03 1.18791925e+02
8.42104135e-03 2.27488089e-02 9.99705352e-01 4.48643614e+01 1.14957471e-02 9.99672417e-01 -2.28449006e-02 -1.49724935e-01 -9.99898197e-01 1.16847301e-02 8.15674023e-03 1.18800221e+02
6.87611248e-03 2.16320802e-02 9.99741954e-01 4.58965118e+01 1.28964716e-02 9.99680418e-01 -2.17194554e-02 -1.50925880e-01 -9.99892961e-01 1.30424821e-02 6.59490817e-03 1.18802229e+02
5.18521725e-03 2.19446539e-02 9.99745374e-01 4.68952719e+01 1.23713418e-02 9.99680790e-01 -2.20074068e-02 -1.52051080e-01 -9.99909836e-01 1.24822970e-02 4.91204648e-03 1.18806234e+02
4.22003730e-03 2.27398555e-02 9.99732127e-01 4.79023153e+01 1.27333040e-02 9.99658648e-01 -2.27919397e-02 -1.53288238e-01 -9.99909836e-01 1.28260681e-02 3.92901191e-03 1.18803476e+02
3.48654666e-03 2.27172745e-02 9.99735490e-01 4.88856945e+01 1.31011857e-02 9.99654594e-01 -2.27611336e-02 -1.54514806e-01 -9.99907931e-01 1.31770699e-02 3.18768728e-03 1.18802382e+02
2.84494183e-03 2.12183662e-02 9.99770480e-01 4.98695855e+01 1.50208148e-02 9.99660661e-01 -2.12587873e-02 -1.55658491e-01 -9.99882946e-01 1.50778402e-02 2.52522712e-03 1.18800896e+02
1.54025533e-03 2.04915327e-02 9.99788507e-01 5.08318328e+01 1.55404412e-02 9.99668273e-01 -2.05130198e-02 -1.56794089e-01 -9.99877893e-01 1.55687423e-02 1.22126386e-03 1.18799855e+02
4.33668907e-05 2.04102495e-02 9.99791346e-01 5.17843601e+01 1.41760542e-02 9.99690662e-01 -2.04088196e-02 -1.57841710e-01 -9.99899328e-01 1.41739731e-02 -2.46017337e-04 1.18802848e+02
-1.08137663e-03 1.97607477e-02 9.99803848e-01 5.27111687e+01 1.20969897e-02 9.99731313e-01 -1.97462412e-02 -1.58838911e-01 -9.99926065e-01 1.20732538e-02 -1.32016637e-03 1.18807919e+02
-1.64111139e-03 1.88412990e-02 9.99820809e-01 5.36694157e+01 1.06897456e-02 9.99765169e-01 -1.88227142e-02 -1.59857264e-01 -9.99941323e-01 1.06569295e-02 -1.84216975e-03 1.18807461e+02
-2.27406267e-03 1.87841278e-02 9.99820671e-01 5.46443281e+01 1.15941738e-02 9.99756350e-01 -1.87565590e-02 -1.60922717e-01 -9.99930053e-01 1.15494306e-02 -2.49133047e-03 1.18804348e+02
-2.32513910e-03 2.13414252e-02 9.99769242e-01 5.56232900e+01 1.15755242e-02 9.99705338e-01 -2.13131504e-02 -1.62054963e-01 -9.99930150e-01 1.15232865e-02 -2.57152759e-03 1.18802360e+02
-2.08587573e-03 2.41850664e-02 9.99705002e-01 5.65960663e+01 1.15792441e-02 9.99640570e-01 -2.41593567e-02 -1.63277447e-01 -9.99930606e-01 1.15254248e-02 -2.36520604e-03 1.18801418e+02
-2.42075451e-03 2.58585942e-02 9.99662396e-01 5.75448800e+01 1.05808466e-02 9.99609817e-01 -2.58316228e-02 -1.64529856e-01 -9.99940896e-01 1.05147317e-02 -2.69345135e-03 1.18803735e+02
-2.75404607e-03 2.66008503e-02 9.99642080e-01 5.85319837e+01 1.11548670e-02 9.99584303e-01 -2.65685908e-02 -1.65870551e-01 -9.99933813e-01 1.10776929e-02 -3.04966582e-03 1.18801477e+02
-2.84664006e-03 2.63649633e-02 9.99648035e-01 5.95101467e+01 1.18453553e-02 9.99582658e-01 -2.63295172e-02 -1.67214027e-01 -9.99925608e-01 1.17662255e-02 -3.15779010e-03 1.18801274e+02
-3.35104420e-03 2.59475825e-02 9.99657356e-01 6.05006772e+01 1.19655485e-02 9.99592264e-01 -2.59057915e-02 -1.68532470e-01 -9.99922599e-01 1.18746275e-02 -3.66019098e-03 1.18798255e+02
-4.23093852e-03 2.66593728e-02 9.99635251e-01 6.14661328e+01 8.54443508e-03 9.99608479e-01 -2.66225046e-02 -1.69759252e-01 -9.99954308e-01 8.42866839e-03 -4.45710806e-03 1.18798154e+02
-3.92331396e-03 2.71308005e-02 9.99623814e-01 6.23970736e+01 5.95177310e-03 9.99614256e-01 -2.71071910e-02 -1.71035948e-01 -9.99974343e-01 5.84317057e-03 -4.08331342e-03 1.18797846e+02
-3.60340437e-03 2.57244793e-02 9.99662234e-01 6.33623300e+01 7.80314132e-03 9.99638810e-01 -2.56957598e-02 -1.72384147e-01 -9.99962837e-01 7.70790086e-03 -3.80287092e-03 1.18792993e+02
-4.60608170e-03 2.50860965e-02 9.99674322e-01 6.42829560e+01 8.76150578e-03 9.99647339e-01 -2.50450621e-02 -1.73658969e-01 -9.99950775e-01 8.64328063e-03 -4.82428651e-03 1.18789934e+02
-7.98977134e-03 2.48866921e-02 9.99657990e-01 6.51903272e+01 5.71271028e-03 9.99674457e-01 -2.48414570e-02 -1.74862539e-01 -9.99951528e-01 5.51226438e-03 -8.12938044e-03 1.18786850e+02
-1.30858690e-02 2.46333782e-02 9.99610531e-01 6.60569895e+01 1.93581317e-03 9.99694622e-01 -2.46101223e-02 -1.76046293e-01 -9.99912295e-01 1.61299695e-03 -1.31296015e-02 1.18778898e+02
