9.10497312e-01 1.47303423e-02 4.13251911e-01 -1.37195077e+00 -7.40674021e-03 9.99785542e-01 -1.93184299e-02 -8.12174391e-02 -4.13447832e-01 1.45285264e-02 9.10411217e-01 1.13497176e+02
8.89074052e-01 1.48626245e-02 4.57521550e-01 -1.13360815e+00 -6.13808892e-03 9.99769615e-01 -2.05498442e-02 -8.17168622e-02 -4.57721534e-01 1.54620224e-02 8.88960482e-01 1.13874029e+02
8.65717819e-01 1.64015036e-02 5.00263088e-01 -8.66434710e-01 -5.58467550e-03 9.99716930e-01 -2.31120755e-02 -8.23035069e-02 -5.00500512e-01 1.72147268e-02 8.65564356e-01 1.14257132e+02
8.39636199e-01 1.90860947e-02 5.42813265e-01 -5.94127727e-01 -5.13022010e-03 9.99616119e-01 -2.72124165e-02 -8.28855044e-02 -5.43124246e-01 2.00637767e-02 8.39411838e-01 1.14595524e+02
9.10497312e-01 1.47303423e-02 4.13251911e-01 -1.37195077e+00 -7.40674021e-03 9.99785542e-01 -1.93184299e-02 -8.12174391e-02 -4.13447832e-01 1.45285264e-02 9.10411217e-01 1.13497176e+02
8.89074052e-01 1.48626245e-02 4.57521550e-01 -1.13360815e+00 -6.13808892e-03 9.99769615e-01 -2.05498442e-02 -8.17168622e-02 -4.57721534e-01 1.54620224e-02 8.88960482e-01 1.13874029e+02
8.65717819e-01 1.64015036e-02 5.00263088e-01 -8.66434710e-01 -5.58467550e-03 9.99716930e-01 -2.31120755e-02 -8.23035069e-02 -5.00500512e-01 1.72147268e-02 8.65564356e-01 1.14257132e+02
8.39636199e-01 1.90860947e-02 5.42813265e-01 -5.94127727e-01 -5.13022010e-03 9.99616119e-01 -2.72124165e-02 -8.28855044e-02 -5.43124246e-01 2.00637767e-02 8.39411838e-01 1.14595524e+02
9.10497312e-01 1.47303423e-02 4.13251911e-01 -1.37195077e+00 -7.40674021e-03 9.99785542e-01 -1.93184299e-02 -8.12174391e-02 -4.13447832e-01 1.45285264e-02 9.10411217e-01 1.13497176e+02
8.89074052e-01 1.48626245e-02 4.57521550e-01 -1.13360815e+00 -6.13808892e-03 9.99769615e-01 -2.05498442e-02 -8.17168622e-02 -4.57721534e-01 1.54620224e-02 8.88960482e-01 1.13874029e+02
8.65717819e-01 1.64015036e-02 5.00263088e-01 -8.66434710e-01 -5.58467550e-03 9.99716930e-01 -2.31120755e-02 -8.23035069e-02 -5.00500512e-01 1.72147268e-02 8.65564356e-01 1.14257132e+02
8.39636199e-01 1.90860947e-02 5.42813265e-01 -5.94127727e-01 -5.13022010e-03 9.99616119e-01 -2.72124165e-02 -8.28855044e-02 -5.43124246e-01 2.00637767e-02 8.39411838e-01 1.14595524e+02