1.00000000e+00 0.00000000e+00 0.00000000e+00 0.00000000e+00 0.00000000e+00 1.00000000e+00 0.00000000e+00 0.00000000e+00 0.00000000e+00 0.00000000e+00 1.00000000e+00 0.00000000e+00
9.99992492e-01 -2.64497056e-03 2.84281002e-03 2.81731211e-02 2.64374509e-03 9.99996457e-01 4.34734367e-04 -1.79289937e-04 -2.84394962e-03 -4.27215400e-04 9.99995902e-01 2.68724663e-01
9.99895884e-01 -3.44870703e-03 1.40163987e-02 6.37122744e-02 3.39337011e-03 9.99986417e-01 3.96988142e-03 -4.07902023e-04 -1.40298974e-02 -3.92190508e-03 9.99893968e-01 1.76917971e-01
9.99664893e-01 -3.57340835e-03 2.56403655e-02 9.74024608e-02 3.38286239e-03 9.99966451e-01 7.47101120e-03 -6.82089779e-04 -2.56661983e-02 -7.38176971e-03 9.99643409e-01 7.98882944e-02
9.99422619e-01 -3.63626427e-03 3.37827806e-02 1.24757963e-01 3.27838487e-03 9.99938072e-01 1.06428994e-02 -9.89879514e-04 -3.38193852e-02 -1.05260014e-02 9.99372615e-01 -7.11113505e-02
9.99071794e-01 -4.01824343e-03 4.28890664e-02 1.58249804e-01 3.43285663e-03 9.99900143e-01 1.37137896e-02 -1.30373496e-03 -4.29398865e-02 -1.35538285e-02 9.98985742e-01 -2.06900539e-01
9.98831111e-01 -3.65048714e-03 4.81985267e-02 1.94030817e-01 2.82581812e-03 9.99848696e-01 1.71669029e-02 -1.67865497e-03 -4.82538994e-02 -1.70106365e-02 9.98690254e-01 -3.47343773e-01
9.98625117e-01 -3.80590645e-03 5.22818366e-02 2.18729310e-01 2.73134951e-03 9.99783940e-01 2.06092509e-02 -2.04693330e-03 -5.23489736e-02 -2.04381156e-02 9.98419705e-01 -4.91129086e-01
9.98570273e-01 -4.09345642e-03 5.32977732e-02 2.46600456e-01 2.79705854e-03 9.99699026e-01 2.43755858e-02 -2.37146185e-03 -5.33815077e-02 -2.41916582e-02 9.98281142e-01 -6.03274448e-01
9.98498661e-01 -4.75843241e-03 5.45693701e-02 2.76497027e-01 3.21702305e-03 9.99594383e-01 2.82999165e-02 -2.74342121e-03 -5.46818946e-02 -2.80818775e-02 9.98108892e-01 -7.40963153e-01
9.98202437e-01 -5.87125368e-03 5.96442944e-02 3.10291846e-01 3.94458807e-03 9.99468261e-01 3.23691324e-02 -3.20137366e-03 -5.98026207e-02 -3.20756732e-02 9.97694809e-01 -9.17274265e-01
9.98112732e-01 -5.92712519e-03 6.11214192e-02 3.37063348e-01 3.70213653e-03 9.99328617e-01 3.64519662e-02 -3.64054804e-03 -6.12964299e-02 -3.61568903e-02 9.97464591e-01 -1.09927732e+00
9.98102103e-01 -5.45694686e-03 6.13375672e-02 3.59379971e-01 2.97120314e-03 9.99173404e-01 4.05440174e-02 -4.06556150e-03 -6.15081008e-02 -4.02848237e-02 9.97293365e-01 -1.23790135e+00
9.98103129e-01 -6.11597657e-03 6.12582770e-02 3.81797985e-01 3.37401699e-03 9.98991937e-01 4.47644599e-02 -4.59082019e-03 -6.14702894e-02 -4.44728623e-02 9.97117731e-01 -1.41105469e+00
9.98063072e-01 -6.53872849e-03 6.18637080e-02 4.02089748e-01 3.50892332e-03 9.98794747e-01 4.89579429e-02 -5.10954207e-03 -6.21092534e-02 -4.86460437e-02 9.96883242e-01 -1.57965429e+00
9.98127485e-01 -6.34137745e-03 6.08364362e-02 4.20680310e-01 3.12529841e-03 9.98599523e-01 5.28145480e-02 -5.55228726e-03 -6.10861393e-02 -5.25255269e-02 9.96749546e-01 -1.72134844e+00
9.97988159e-01 -5.75323049e-03 6.31373547e-02 4.42837060e-01 2.14093017e-03 9.98364408e-01 5.71325237e-02 -5.97811191e-03 -6.33627662e-02 -5.68824145e-02 9.96368290e-01 -1.82894202e+00
9.97808923e-01 -5.30249582e-03 6.59471269e-02 4.58542614e-01 1.24852023e-03 9.98114790e-01 6.13630089e-02 -6.39984669e-03 -6.61481646e-02 -6.11462249e-02 9.95934629e-01 -1.92784859e+00
9.97276754e-01 -5.59561138e-03 7.35364223e-02 4.74159661e-01 7.55480596e-04 9.97840323e-01 6.56831374e-02 -6.89535264e-03 -7.37451279e-02 -6.54487112e-02 9.95127351e-01 -2.03451594e+00
9.96586595e-01 -5.82969717e-03 8.23469637e-02 4.92701465e-01 5.21912002e-05 9.97547830e-01 6.99890812e-02 -7.34183910e-03 -8.25530347e-02 -6.97458826e-02 9.94143275e-01 -2.11804638e+00
9.95776775e-01 -6.34615378e-03 9.15869883e-02 5.11229462e-01 -4.94114459e-04 9.97223104e-01 7.44708251e-02 -7.87327810e-03 -9.18052561e-02 -7.42015735e-02 9.93008663e-01 -2.19919115e+00
9.94858671e-01 -6.76708712e-03 1.01046134e-01 5.33075557e-01 -1.25425757e-03 9.96865186e-01 7.91092375e-02 -8.31950664e-03 -1.01264709e-01 -7.88292464e-02 9.91731680e-01 -2.24571340e+00
9.93728044e-01 -6.78171560e-03 1.11617248e-01 5.46139638e-01 -2.58973678e-03 9.96495874e-01 8.36021772e-02 -8.81828661e-03 -1.11793093e-01 -8.33668923e-02 9.90228508e-01 -2.31042255e+00
9.92539155e-01 -7.22520863e-03 1.21711357e-01 5.62290860e-01 -3.53986948e-03 9.96114231e-01 8.79999368e-02 -9.20537963e-03 -1.21874230e-01 -8.77742302e-02 9.88656981e-01 -2.33983379e+00
9.91136605e-01 -7.60036560e-03 1.32628097e-01 5.88912898e-01 -4.73176714e-03 9.95708845e-01 9.24206773e-02 -9.44997292e-03 -1.32761397e-01 -9.22290917e-02 9.86847740e-01 -2.32359856e+00
9.89338216e-01 -8.01844458e-03 1.45414463e-01 6.13955396e-01 -6.17815892e-03 9.95273602e-01 9.69149390e-02 -9.65928579e-03 -1.45504271e-01 -9.67800623e-02 9.84612821e-01 -2.30106147e+00
9.87305680e-01 -8.72325812e-03 1.58591206e-01 6.32718788e-01 -7.42741573e-03 9.94862736e-01 1.00961293e-01 -9.87147445e-03 -1.58657183e-01 -1.00857596e-01 9.82168994e-01 -2.29669661e+00
9.84799745e-01 -9.90716085e-03 1.73410311e-01 6.52737716e-01 -8.47839167e-03 9.94440128e-01 1.04962595e-01 -1.00847368e-02 -1.73486045e-01 -1.04837386e-01 9.79240557e-01 -2.27571892e+00
9.82169805e-01 -1.08287801e-02 1.87683255e-01 6.73548999e-01 -9.82768278e-03 9.94017161e-01 1.08781398e-01 -1.02622022e-02 -1.87738353e-01 -1.08686304e-01 9.76187432e-01 -2.26384943e+00
9.79175444e-01 -1.13712552e-02 2.02696645e-01 6.97023482e-01 -1.17668671e-02 9.93572860e-01 1.12582015e-01 -1.03402438e-02 -2.02674084e-01 -1.12622666e-01 9.72748495e-01 -2.23797520e+00
9.75989174e-01 -1.19193123e-02 2.17492094e-01 7.27262162e-01 -1.38048891e-02 9.93109529e-01 1.16374815e-01 -1.04250615e-02 -2.17380585e-01 -1.16583038e-01 9.69099729e-01 -2.19308539e+00
9.72576112e-01 -1.27401216e-02 2.32235010e-01 7.59957964e-01 -1.56639895e-02 9.92643864e-01 1.20054349e-01 -1.04080546e-02 -2.32056163e-01 -1.20399748e-01 9.65222278e-01 -2.14197031e+00
9.68407988e-01 -1.33916277e-02 2.49010640e-01 8.05993265e-01 -1.80737521e-02 9.92161822e-01 1.23647024e-01 -1.02336782e-02 -2.48714671e-01 -1.24241361e-01 9.60575497e-01 -2.04114399e+00
9.63920180e-01 -1.42428142e-02 2.65809532e-01 8.70926935e-01 -2.03949251e-02 9.91680836e-01 1.27096282e-01 -9.76849116e-03 -2.65408419e-01 -1.27931871e-01 9.55610806e-01 -1.86789811e+00
9.59222285e-01 -1.49188762e-02 2.82258138e-01 9.25402820e-01 -2.30860160e-02 9.91134504e-01 1.30842046e-01 -9.47094482e-03 -2.81707800e-01 -1.32022859e-01 9.50374054e-01 -1.72285381e+00
9.54339589e-01 -1.55054418e-02 2.98320560e-01 9.83523056e-01 -2.58714304e-02 9.90609601e-01 1.34251451e-01 -9.10189892e-03 -2.97600856e-01 -1.35839489e-01 9.44976991e-01 -1.55917766e+00
9.49474798e-01 -1.62461996e-02 3.13421872e-01 1.05081570e+00 -2.84063196e-02 9.90111632e-01 1.37375972e-01 -8.57231246e-03 -3.12554505e-01 -1.39338221e-01 9.39624747e-01 -1.36889752e+00
9.44290664e-01 -1.69938080e-02 3.28673170e-01 1.12404714e+00 -3.10493271e-02 9.89611840e-01 1.40373066e-01 -8.05080479e-03 -3.27644343e-01 -1.42758090e-01 9.33953701e-01 -1.18801784e+00
9.38885977e-01 -1.74286128e-02 3.43786405e-01 1.22705285e+00 -3.39314131e-02 9.89167829e-01 1.42814123e-01 -7.15135894e-03 -3.42551509e-01 -1.45751357e-01 9.28124619e-01 -9.43059927e-01
9.32570365e-01 -1.78617174e-02 3.60545735e-01 1.33657645e+00 -3.69856598e-02 9.88791420e-01 1.44650851e-01 -6.24587640e-03 -3.59088229e-01 -1.48232139e-01 9.21457133e-01 -7.02940791e-01
9.25603354e-01 -1.80589956e-02 3.78063614e-01 1.48306733e+00 -4.04871702e-02 9.88406067e-01 1.46336988e-01 -5.00406067e-03 -3.76323046e-01 -1.50756743e-01 9.14141036e-01 -3.92963072e-01
9.18091208e-01 -1.74813848e-02 3.95983120e-01 1.63785539e+00 -4.47934762e-02 9.88051300e-01 1.47473494e-01 -3.65250763e-03 -3.93829648e-01 -1.53131598e-01 9.06338431e-01 -7.14827827e-02
9.10071127e-01 -1.73523080e-02 4.14088326e-01 1.79751965e+00 -4.86434173e-02 9.87745706e-01 1.48298449e-01 -2.30350344e-03 -4.11587258e-01 -1.55104817e-01 8.98075120e-01 2.36417230e-01
9.01687711e-01 -1.73308281e-02 4.32040048e-01 1.96659356e+00 -5.23841627e-02 9.87457998e-01 1.48939046e-01 -9.36974609e-04 -4.29202627e-01 -1.56928584e-01 8.89471162e-01 5.50991611e-01
8.93004948e-01 -1.76137656e-02 4.49701632e-01 2.15525594e+00 -5.57848312e-02 9.87195692e-01 1.49442136e-01 5.46656844e-04 -4.46575757e-01 -1.58539126e-01 8.80588321e-01 8.87244934e-01
8.84241511e-01 -1.75748836e-02 4.66698762e-01 2.35500648e+00 -5.93306475e-02 9.86968141e-01 1.49579311e-01 2.10104674e-03 -4.63245672e-01 -1.59953801e-01 8.71675736e-01 1.22928645e+00
8.75190572e-01 -1.71511391e-02 4.83473913e-01 2.57040284e+00 -6.32390664e-02 9.86740416e-01 1.49480582e-01 3.72143226e-03 -4.79627034e-01 -1.61398457e-01 8.62501505e-01 1.58257951e+00
8.66300520e-01 -1.68791659e-02 4.99237609e-01 2.79138305e+00 -6.68402926e-02 9.86524497e-01 1.49338693e-01 5.34495914e-03 -4.95030886e-01 -1.62741405e-01 8.53498682e-01 1.93285570e+00
8.57906461e-01 -1.58487573e-02 5.13561071e-01 3.02050067e+00 -7.10271207e-02 9.86269831e-01 1.49087973e-01 7.02144908e-03 -5.08872690e-01 -1.64380334e-01 8.45001781e-01 2.29049361e+00
8.49674876e-01 -1.44897112e-02 5.27107467e-01 3.25203250e+00 -7.53849621e-02 9.86016624e-01 1.48622079e-01 8.65196717e-03 -5.21890273e-01 -1.66016456e-01 8.36701489e-01 2.64472257e+00
8.41687597e-01 -1.29800973e-02 5.39808476e-01 3.48947506e+00 -7.96174762e-02 9.85800512e-01 1.47846562e-01 1.03072652e-02 -5.34062614e-01 -1.67418832e-01 8.28702834e-01 2.99218673e+00
8.33890263e-01 -1.16012093e-02 5.51808118e-01 3.73158481e+00 -8.34845720e-02 9.85624585e-01 1.46883307e-01 1.19883132e-02 -5.45579776e-01 -1.68552042e-01 8.20934395e-01 3.33368375e+00
8.25732030e-01 -9.75696813e-03 5.63977926e-01 3.98399469e+00 -8.78905050e-02 9.85412671e-01 1.45730238e-01 1.37146514e-02 -5.57172995e-01 -1.69902458e-01 8.12829443e-01 3.68036954e+00
8.17508001e-01 -7.64949651e-03 5.75866108e-01 4.24813241e+00 -9.25856149e-02 9.85160581e-01 1.44522234e-01 1.54620198e-02 -5.68426235e-01 -1.71465036e-01 8.04668623e-01 4.03600322e+00
8.09276047e-01 -5.36219963e-03 5.87403704e-01 4.51453060e+00 -9.71770608e-02 9.84958788e-01 1.42873821e-01 1.71232766e-02 -5.79334670e-01 -1.72706566e-01 7.96582704e-01 4.38159784e+00
8.01277283e-01 -3.17313924e-03 5.98284399e-01 4.80141982e+00 -1.01502503e-01 9.84768982e-01 1.41164398e-01 1.88835756e-02 -5.89619979e-01 -1.73839228e-01 7.88751172e-01 4.74816408e+00
7.92946127e-01 -4.18249947e-04 6.09291219e-01 5.09170226e+00 -1.06345665e-01 9.84554865e-01 1.39076625e-01 2.06259616e-02 -5.99938980e-01 -1.75075791e-01 7.80654743e-01 5.11244440e+00
7.83963661e-01 2.18906872e-03 6.20802427e-01 5.40806761e+00 -1.11237538e-01 9.84305055e-01 1.37002484e-01 2.24436702e-02 -6.10759245e-01 -1.76461544e-01 7.71903211e-01 5.49469575e+00
7.76121246e-01 5.12832058e-03 6.30562422e-01 5.73365834e+00 -1.16118560e-01 9.84028896e-01 1.34920303e-01 2.42746481e-02 -6.19799901e-01 -1.77934553e-01 7.64321583e-01 5.88920996e+00
7.68433092e-01 8.12366323e-03 6.39878132e-01 6.06733330e+00 -1.20846296e-01 9.83770291e-01 1.32635379e-01 2.60730525e-02 -6.28415773e-01 -1.79248368e-01 7.56943668e-01 6.28117612e+00
7.61402141e-01 1.10609784e-02 6.48185074e-01 6.40838675e+00 -1.25322812e-01 9.83505032e-01 1.30429618e-01 2.78913791e-02 -6.36050809e-01 -1.80541805e-01 7.50229378e-01 6.67203192e+00
7.54219432e-01 1.40312505e-02 6.56472098e-01 6.75562656e+00 -1.29790275e-01 9.83231751e-01 1.28100451e-01 2.96731916e-02 -6.43667013e-01 -1.81819592e-01 7.43393894e-01 7.06286759e+00
7.47248667e-01 1.61880597e-02 6.64346955e-01 7.10235965e+00 -1.33358747e-01 9.83019574e-01 1.26047036e-01 3.13437144e-02 -6.51025812e-01 -1.82784993e-01 7.36719192e-01 7.44123024e+00
7.40018538e-01 1.84462047e-02 6.72333120e-01 7.45230077e+00 -1.36948682e-01 9.82815206e-01 1.23771012e-01 3.30259792e-02 -6.58496308e-01 -1.83668014e-01 7.29827942e-01 7.82070009e+00
7.32986936e-01 2.04187900e-02 6.79935868e-01 7.80160421e+00 -1.40154888e-01 9.82636491e-01 1.21581256e-01 3.45846540e-02 -6.65647455e-01 -1.84413830e-01 7.23121842e-01 8.18873529e+00
7.26197616e-01 2.25886161e-02 6.87114487e-01 8.15257606e+00 -1.43485152e-01 9.82429417e-01 1.19349624e-01 3.61763975e-02 -6.72345748e-01 -1.85262166e-01 7.16679355e-01 8.55630344e+00
7.20061740e-01 2.45657764e-02 6.93474681e-01 8.50049845e+00 -1.46190811e-01 9.82313394e-01 1.16997957e-01 3.77047923e-02 -6.78335531e-01 -1.85625409e-01 7.10917904e-01 8.91663171e+00
7.14153782e-01 2.65170114e-02 6.99486055e-01 8.84235683e+00 -1.48795185e-01 9.82195565e-01 1.14680993e-01 3.91383626e-02 -6.83991319e-01 -1.85980053e-01 7.05384608e-01 9.26545992e+00
7.08619738e-01 2.86010775e-02 7.05010302e-01 9.18173204e+00 -1.51540854e-01 9.82030569e-01 1.12477375e-01 4.05150000e-02 -6.89124933e-01 -1.86541585e-01 7.00220805e-01 9.60923101e+00
7.03443238e-01 3.10087765e-02 7.10074340e-01 9.50902656e+00 -1.54322146e-01 9.81877739e-01 1.10002619e-01 4.18119014e-02 -6.93795407e-01 -1.86960821e-01 6.95480925e-01 9.93807725e+00
6.97827584e-01 3.35425709e-02 7.15479576e-01 9.82769071e+00 -1.57069668e-01 9.81755451e-01 1.07168603e-01 4.29824593e-02 -6.98831521e-01 -1.87165377e-01 6.90364919e-01 1.02518704e+01
6.92702363e-01 3.59962952e-02 7.20324368e-01 1.01368002e+01 -1.59645216e-01 9.81630990e-01 1.04468969e-01 4.40053391e-02 -7.03332471e-01 -1.87362265e-01 6.85725117e-01 1.05493136e+01
6.88342751e-01 3.83239919e-02 7.24372127e-01 1.04300764e+01 -1.61861090e-01 9.81540144e-01 1.01880476e-01 4.49060257e-02 -7.07096118e-01 -1.87376377e-01 6.81839606e-01 1.08301903e+01
6.83976781e-01 4.06282524e-02 7.28371168e-01 1.07151756e+01 -1.63896023e-01 9.81481087e-01 9.91599127e-02 4.57941117e-02 -7.10854080e-01 -1.87200244e-01 6.77969483e-01 1.10983269e+01
6.79964134e-01 4.29815356e-02 7.31984152e-01 1.09927737e+01 -1.65928306e-01 9.81403877e-01 9.65090008e-02 4.65876916e-02 -7.14224226e-01 -1.87079585e-01 6.74451663e-01 1.13559281e+01
6.76277541e-01 4.52215251e-02 7.35257221e-01 1.12641240e+01 -1.67833258e-01 9.81322053e-01 9.40146950e-02 4.72846605e-02 -7.17272910e-01 -1.86980665e-01 6.71236106e-01 1.16055460e+01
6.73292491e-01 4.71822100e-02 7.37868887e-01 1.15278777e+01 -1.69261578e-01 9.81295709e-01 9.17003593e-02 4.78926456e-02 -7.19741265e-01 -1.86634044e-01 6.68685512e-01 1.18449532e+01
6.70580705e-01 4.88379041e-02 7.40226911e-01 1.17842853e+01 -1.70193019e-01 9.81343790e-01 8.94338952e-02 4.84286562e-02 -7.22049614e-01 -1.85954114e-01 6.66382438e-01 1.20749612e+01
6.68549921e-01 5.07103767e-02 7.41935965e-01 1.20403226e+01 -1.71082973e-01 9.81400447e-01 8.70834082e-02 4.89713146e-02 -7.23720563e-01 -1.85152232e-01 6.64791206e-01 1.22999868e+01
6.67183731e-01 5.23283005e-02 7.43052556e-01 1.22889102e+01 -1.71476187e-01 9.81527820e-01 8.48451818e-02 4.94533746e-02 -7.24887285e-01 -1.84023156e-01 6.63832821e-01 1.25158479e+01
6.66312679e-01 5.38938526e-02 7.43721937e-01 1.25347142e+01 -1.71860461e-01 9.81631998e-01 8.28385608e-02 4.99031903e-02 -7.25597139e-01 -1.83012792e-01 6.63336416e-01 1.27289795e+01
6.65931437e-01 5.56418755e-02 7.43934630e-01 1.27667626e+01 -1.72298760e-01 9.81724578e-01 8.08056844e-02 5.03192783e-02 -7.25843116e-01 -1.81990073e-01 6.63348663e-01 1.29288072e+01
6.66471834e-01 5.73876725e-02 7.43317792e-01 1.29792161e+01 -1.72756645e-01 9.81783110e-01 7.90982938e-02 5.06742085e-02 -7.25238011e-01 -1.81129884e-01 6.64245298e-01 1.31109710e+01
6.66690241e-01 5.91502100e-02 7.42983697e-01 1.31883200e+01 -1.73334841e-01 9.81818796e-01 7.73716062e-02 5.09967964e-02 -7.24899216e-01 -1.80367866e-01 6.64822222e-01 1.32916883e+01
6.67647924e-01 6.09160834e-02 7.41980355e-01 1.33839763e+01 -1.73751937e-01 9.81872699e-01 7.57341611e-02 5.12923696e-02 -7.23917262e-01 -1.79484286e-01 6.66130005e-01 1.34619413e+01
6.69666013e-01 6.28494408e-02 7.39997830e-01 1.35731651e+01 -1.74429708e-01 9.81849921e-01 7.44609011e-02 5.15847220e-02 -7.21887418e-01 -1.78941541e-01 6.68474771e-01 1.36293232e+01
6.71907970e-01 6.47444934e-02 7.37798946e-01 1.37486312e+01 -1.75000652e-01 9.81842305e-01 7.32115763e-02 5.18327702e-02 -7.19662597e-01 -1.78306735e-01 6.71038405e-01 1.37902482e+01
6.74395857e-01 6.65344613e-02 7.35365822e-01 1.39246216e+01 -1.75501928e-01 9.81833880e-01 7.21164244e-02 5.20682688e-02 -7.17209285e-01 -1.77693126e-01 6.73822028e-01 1.39530027e+01
6.77073981e-01 6.85052067e-02 7.32719181e-01 1.40922080e+01 -1.76081521e-01 9.81817625e-01 7.09147031e-02 5.22940667e-02 -7.14539014e-01 -1.77032786e-01 6.76826090e-01 1.41104911e+01
6.80092862e-01 7.04284059e-02 7.29734937e-01 1.42583208e+01 -1.76536148e-01 9.81818060e-01 6.97692512e-02 5.25319689e-02 -7.11553632e-01 -1.76274143e-01 6.80161028e-01 1.42678786e+01
6.83750006e-01 7.23659466e-02 7.26118890e-01 1.44255300e+01 -1.76892593e-01 9.81827833e-01 6.87206710e-02 5.27879817e-02 -7.07951132e-01 -1.75432786e-01 6.84126234e-01 1.44279935e+01
6.87996099e-01 7.43869860e-02 7.21891587e-01 1.45839854e+01 -1.77357897e-01 9.81803731e-01 6.78607297e-02 5.30408224e-02 -7.03708318e-01 -1.74721073e-01 6.88670675e-01 1.45859021e+01
6.92480256e-01 7.64042525e-02 7.17379243e-01 1.47381766e+01 -1.77777105e-01 9.81784152e-01 6.70421215e-02 5.32978629e-02 -6.99189669e-01 -1.73958936e-01 6.93449507e-01 1.47444659e+01
6.97423002e-01 7.84366519e-02 7.12354103e-01 1.48832018e+01 -1.78240113e-01 9.81743515e-01 6.64052525e-02 5.35961762e-02 -6.94140809e-01 -1.73282612e-01 6.98671472e-01 1.49016534e+01
7.02685338e-01 8.04667299e-02 7.06935642e-01 1.50231370e+01 -1.78818262e-01 9.81665365e-01 6.60053680e-02 5.38593512e-02 -6.88663351e-01 -1.72793986e-01 7.04191196e-01 1.50578369e+01
7.08439011e-01 8.25321698e-02 7.00929532e-01 1.51553794e+01 -1.79604336e-01 9.81525139e-01 6.59571323e-02 5.41392226e-02 -6.82536694e-01 -1.72616572e-01 7.10174214e-01 1.52108489e+01
7.14452319e-01 8.44616887e-02 6.94567295e-01 1.52849900e+01 -1.80194682e-01 9.81413347e-01 6.60103889e-02 5.44141482e-02 -6.76082599e-01 -1.72318587e-01 7.16392962e-01 1.53641913e+01
7.20913156e-01 8.64297631e-02 6.87614476e-01 1.54141145e+01 -1.80842486e-01 9.81277478e-01 6.62582546e-02 5.46899787e-02 -6.69014228e-01 -1.72116350e-01 7.23046410e-01 1.55203385e+01
7.27422866e-01 8.83631252e-02 6.80475948e-01 1.55316822e+01 -1.81358523e-01 9.81168542e-01 6.64611365e-02 5.49522966e-02 -6.61789181e-01 -1.71755453e-01 7.29750207e-01 1.56679952e+01
7.34410139e-01 9.06959773e-02 6.72618417e-01 1.56441397e+01 -1.82286604e-01 9.80976394e-01 6.67577759e-02 5.52449879e-02 -6.53768418e-01 -1.71636909e-01 7.36972058e-01 1.58156872e+01
7.41712596e-01 9.27999435e-02 6.64266641e-01 1.57560556e+01 -1.83043012e-01 9.80794117e-01 6.73640094e-02 5.55180448e-02 -6.45257706e-01 -1.71554097e-01 7.44454095e-01 1.59644489e+01
7.49681989e-01 9.52544839e-02 6.54906912e-01 1.58581207e+01 -1.84175372e-01 9.80523331e-01 6.82138296e-02 5.58015676e-02 -6.35654106e-01 -1.71756395e-01 7.52624611e-01 1.61080130e+01
7.58587636e-01 9.79702092e-02 6.44163143e-01 1.59538394e+01 -1.85391628e-01 9.80222001e-01 6.92421509e-02 5.61180977e-02 -6.24639478e-01 -1.71948693e-01 7.61747554e-01 1.62500561e+01
7.68226387e-01 1.01161478e-01 6.32134539e-01 1.60471157e+01 -1.86922307e-01 9.79851805e-01 7.03574803e-02 5.64955417e-02 -6.12280955e-01 -1.72210520e-01 7.71657776e-01 1.64001670e+01
7.78538501e-01 1.04740704e-01 6.18794555e-01 1.61436806e+01 -1.88654932e-01 9.79431621e-01 7.15726537e-02 5.69030719e-02 -5.98570632e-01 -1.72460704e-01 7.82285546e-01 1.65596266e+01
7.89285610e-01 1.08548115e-01 6.04355043e-01 1.62352993e+01 -1.90470071e-01 9.78980886e-01 7.29186455e-02 5.73549645e-02 -5.83737109e-01 -1.72665175e-01 7.93371207e-01 1.67213399e+01
8.00364839e-01 1.13003383e-01 5.88766426e-01 1.63246390e+01 -1.92865077e-01 9.78400934e-01 7.43924940e-02 5.79246079e-02 -5.67643253e-01 -1.73093598e-01 8.04872636e-01 1.68896681e+01
8.11523670e-01 1.17552904e-01 5.72372418e-01 1.64222778e+01 -1.95265313e-01 9.77798537e-01 7.60333066e-02 5.85327911e-02 -5.50727173e-01 -1.73467289e-01 8.16461210e-01 1.70784995e+01
8.22039814e-01 1.22171465e-01 5.56169248e-01 1.65196283e+01 -1.97642468e-01 9.77208472e-01 7.74638093e-02 5.92048481e-02 -5.34029613e-01 -1.73600975e-01 8.27451103e-01 1.72821787e+01
8.32673392e-01 1.26990638e-01 5.39006431e-01 1.66039879e+01 -2.00184481e-01 9.76553735e-01 7.91736418e-02 5.99272232e-02 -5.16314617e-01 -1.73826477e-01 8.38572484e-01 1.74839004e+01
8.42956294e-01 1.31993380e-01 5.21538112e-01 1.66794087e+01 -2.02955072e-01 9.75826205e-01 8.10672138e-02 6.06771851e-02 -4.98230397e-01 -1.74184880e-01 8.49368228e-01 1.76844732e+01
8.52982978e-01 1.37333616e-01 5.03546499e-01 1.67485391e+01 -2.05949776e-01 9.75040794e-01 8.29432038e-02 6.14436815e-02 -4.79587653e-01 -1.74454387e-01 8.59977688e-01 1.78877860e+01
8.62408956e-01 1.42537173e-01 4.85729851e-01 1.68066119e+01 -2.08756576e-01 9.74289044e-01 8.47407744e-02 6.22280958e-02 -4.61162711e-01 -1.74480465e-01 8.69991827e-01 1.80834785e+01
8.71740812e-01 1.48228496e-01 4.67007288e-01 1.68528617e+01 -2.12060151e-01 9.73385866e-01 8.68892898e-02 6.29857045e-02 -4.41698999e-01 -1.74778524e-01 8.79974262e-01 1.82685061e+01
8.80424585e-01 1.54291371e-01 4.48381866e-01 1.69061290e+01 -2.15694605e-01 9.72403571e-01 8.89182256e-02 6.38213498e-02 -4.22288956e-01 -1.74999280e-01 8.89408572e-01 1.84659675e+01
8.88647101e-01 1.60620798e-01 4.29542554e-01 1.69532742e+01 -2.19707460e-01 9.71280009e-01 9.13404418e-02 6.47294939e-02 -4.02535038e-01 -1.75543066e-01 8.98415538e-01 1.86684848e+01
8.96225295e-01 1.67570199e-01 4.10730940e-01 1.70037543e+01 -2.24379751e-01 9.69969450e-01 9.38736596e-02 6.57212427e-02 -3.82666149e-01 -1.76291608e-01 9.06911296e-01 1.88996880e+01
9.02800339e-01 1.74496053e-01 3.93067573e-01 1.70496533e+01 -2.29190255e-01 9.68594593e-01 9.64136761e-02 6.67131571e-02 -3.63899415e-01 -1.77129509e-01 9.14441122e-01 1.91348093e+01
9.09135291e-01 1.81309628e-01 3.74965626e-01 1.70881275e+01 -2.33859201e-01 9.67181454e-01 9.93432965e-02 6.77233108e-02 -3.44648004e-01 -1.78005618e-01 9.21700532e-01 1.93579999e+01
9.15331192e-01 1.88417204e-01 3.55903281e-01 1.71154388e+01 -2.38722953e-01 9.65636336e-01 1.02747122e-01 6.87190545e-02 -3.24313908e-01 -1.79009884e-01 9.28857396e-01 1.95695678e+01
9.21138853e-01 1.95279767e-01 3.36702248e-01 1.71272379e+01 -2.43305157e-01 9.64087367e-01 1.06477058e-01 6.96033257e-02 -3.03817626e-01 -1.80001507e-01 9.35571731e-01 1.97424708e+01
9.26457901e-01 2.02383985e-01 3.17357638e-01 1.71333982e+01 -2.48100763e-01 9.62407003e-01 1.10535017e-01 7.05782557e-02 -2.83056740e-01 -1.81142670e-01 9.41842006e-01 1.99228043e+01
9.31178241e-01 2.09123039e-01 2.98620154e-01 1.71391680e+01 -2.52563963e-01 9.60751264e-01 1.14750608e-01 7.14817207e-02 -2.62902710e-01 -1.82273922e-01 9.47448434e-01 2.00955741e+01
9.35176583e-01 2.16110923e-01 2.80606691e-01 1.71420559e+01 -2.57278222e-01 9.59000387e-01 1.18849995e-01 7.24549327e-02 -2.43417157e-01 -1.83339689e-01 9.52436204e-01 2.02664863e+01
9.38263793e-01 2.23622341e-01 2.63919314e-01 1.71431162e+01 -2.62642985e-01 9.57045300e-01 1.22808992e-01 7.33958818e-02 -2.25119920e-01 -1.84543751e-01 9.56694642e-01 2.04328523e+01
9.40580860e-01 2.31089646e-01 2.48806214e-01 1.71438753e+01 -2.68144466e-01 9.55013514e-01 1.26676051e-01 7.42633414e-02 -2.08339769e-01 -1.85865036e-01 9.60233719e-01 2.05985915e+01
9.42518182e-01 2.37810747e-01 2.34744130e-01 1.71527117e+01 -2.73014767e-01 9.53099391e-01 1.30627703e-01 7.50280361e-02 -1.92669801e-01 -1.87207568e-01 9.63240195e-01 2.07619644e+01
9.43806080e-01 2.44649424e-01 2.22207065e-01 1.71616249e+01 -2.78190790e-01 9.51065983e-01 1.34470948e-01 7.57073333e-02 -1.78435320e-01 -1.88730430e-01 9.65681941e-01 2.09204386e+01
9.44867368e-01 2.51454053e-01 2.09751634e-01 1.71688574e+01 -2.83301807e-01 9.48970054e-01 1.38546038e-01 7.63948174e-02 -1.64210017e-01 -1.90330619e-01 9.67889107e-01 2.10776150e+01
9.45617161e-01 2.57730619e-01 1.98449728e-01 1.71819916e+01 -2.87996199e-01 9.46976892e-01 1.42450363e-01 7.71183686e-02 -1.51213426e-01 -1.91856261e-01 9.69703911e-01 2.12567687e+01
9.46452771e-01 2.63979524e-01 1.85852482e-01 1.71905216e+01 -2.92414205e-01 9.44930837e-01 1.46965370e-01 7.79192687e-02 -1.36821819e-01 -1.93441677e-01 9.71524630e-01 2.14360763e+01
9.46850034e-01 2.69863111e-01 1.75066019e-01 1.72021709e+01 -2.96656390e-01 9.42993155e-01 1.50857867e-01 7.86449318e-02 -1.24374997e-01 -1.94774216e-01 9.72930574e-01 2.16058145e+01
9.46901409e-01 2.75759673e-01 1.65328356e-01 1.72125945e+01 -3.01040448e-01 9.40985606e-01 1.54660705e-01 7.94024120e-02 -1.12922317e-01 -1.96218954e-01 9.74036298e-01 2.17781547e+01
9.46815989e-01 2.81607883e-01 1.55678111e-01 1.72229957e+01 -3.05328620e-01 9.38969631e-01 1.58460561e-01 8.01702947e-02 -1.01553161e-01 -1.97565966e-01 9.75015260e-01 2.19503741e+01
9.46623760e-01 2.87261597e-01 1.46230868e-01 1.72318189e+01 -3.09411239e-01 9.36964871e-01 1.62360212e-01 8.09639400e-02 -9.03732089e-02 -1.98939497e-01 9.75835993e-01 2.21216352e+01
9.46244739e-01 2.92644484e-01 1.37765329e-01 1.72410383e+01 -3.13337266e-01 9.35028163e-01 1.65956077e-01 8.17252926e-02 -8.02481973e-02 -2.00202071e-01 9.76462744e-01 2.22820620e+01
9.45763758e-01 2.97639020e-01 1.30158279e-01 1.72509113e+01 -3.16978199e-01 9.33213695e-01 1.69223094e-01 8.25309948e-02 -7.10979495e-02 -2.01302404e-01 9.76945531e-01 2.24491569e+01
9.45193005e-01 3.02166503e-01 1.23712679e-01 1.72606815e+01 -3.20325524e-01 9.31549993e-01 1.72062522e-01 8.33102889e-02 -6.32528696e-02 -2.02260611e-01 9.77286984e-01 2.26099150e+01
9.44574225e-01 3.06166679e-01 1.18493737e-01 1.72725539e+01 -3.23349751e-01 9.30049767e-01 1.74503998e-01 8.40517043e-02 -5.67776159e-02 -2.03146874e-01 9.77500788e-01 2.27696421e+01
9.43933580e-01 3.09911347e-01 1.13770102e-01 1.72837554e+01 -3.26186895e-01 9.28648565e-01 1.76672498e-01 8.47157767e-02 -5.08994813e-02 -2.03877384e-01 9.77672444e-01 2.29192331e+01
9.43109422e-01 3.13782787e-01 1.09928593e-01 1.72954246e+01 -3.29288871e-01 9.27231288e-01 1.78354170e-01 8.53263928e-02 -4.59646099e-02 -2.04405718e-01 9.77806601e-01 2.30621003e+01
9.42264876e-01 3.17271907e-01 1.07120229e-01 1.73105830e+01 -3.32194419e-01 9.25965010e-01 1.79540625e-01 8.58430603e-02 -4.22262335e-02 -2.04759518e-01 9.77901155e-01 2.31987069e+01
9.41533244e-01 3.20017135e-01 1.05373014e-01 1.73272814e+01 -3.34558132e-01 9.24993553e-01 1.80158052e-01 8.63519206e-02 -3.98155395e-02 -2.04878140e-01 9.77977438e-01 2.33369631e+01
9.40894036e-01 3.22180767e-01 1.04485665e-01 1.73447170e+01 -3.36506051e-01 9.24262421e-01 1.80282584e-01 8.68117087e-02 -3.84884376e-02 -2.04786824e-01 9.78049645e-01 2.34677204e+01
9.40406831e-01 3.23516582e-01 1.04743803e-01 1.73658593e+01 -3.37850509e-01 9.23874921e-01 1.79753390e-01 8.71978808e-02 -3.86168179e-02 -2.04429031e-01 9.78119376e-01 2.35921902e+01
9.39970521e-01 3.24061193e-01 1.06952985e-01 1.73869068e+01 -3.38781948e-01 9.23804181e-01 1.78358443e-01 8.74328425e-02 -4.10044137e-02 -2.03885399e-01 9.78135652e-01 2.36947654e+01
9.39683947e-01 3.23576350e-01 1.10867183e-01 1.74092658e+01 -3.39002666e-01 9.24169847e-01 1.76029572e-01 8.75720095e-02 -4.55009513e-02 -2.02996424e-01 9.78121713e-01 2.37829432e+01
9.39480609e-01 3.22449848e-01 1.15764650e-01 1.74326579e+01 -3.38734595e-01 9.24864228e-01 1.72870512e-01 8.76202854e-02 -5.13243682e-02 -2.01621973e-01 9.78117769e-01 2.38543746e+01
9.39276806e-01 3.20661104e-01 1.22207258e-01 1.74582053e+01 -3.38036481e-01 9.25898104e-01 1.68651088e-01 8.74789001e-02 -5.90714861e-02 -1.99720570e-01 9.78070637e-01 2.38957195e+01
9.39091403e-01 3.18210074e-01 1.29803040e-01 1.74865332e+01 -3.36808106e-01 9.27257651e-01 1.63562782e-01 8.71607470e-02 -6.83134023e-02 -1.97319113e-01 9.77956261e-01 2.39069967e+01
9.38946623e-01 3.15010424e-01 1.38372055e-01 1.75153720e+01 -3.34898065e-01 9.28969502e-01 1.57664804e-01 8.66986957e-02 -7.88772370e-02 -1.94379363e-01 9.77749985e-01 2.39028847e+01
9.38923627e-01 3.10970690e-01 1.47372696e-01 1.75483507e+01 -3.32083938e-01 9.31070721e-01 1.51085214e-01 8.62315840e-02 -9.02312144e-02 -1.90797582e-01 9.77473557e-01 2.39062383e+01
9.38776044e-01 3.06206178e-01 1.57912492e-01 1.75858687e+01 -3.28632224e-01 9.33477524e-01 1.43595796e-01 8.56513421e-02 -1.03437735e-01 -1.86699422e-01 9.76956471e-01 2.38962895e+01
9.38789416e-01 3.00473582e-01 1.68490475e-01 1.76245294e+01 -3.24013498e-01 9.36278130e-01 1.35637929e-01 8.51296460e-02 -1.16998239e-01 -1.81928636e-01 9.76326453e-01 2.38814522e+01
9.38945632e-01 2.93958129e-01 1.78798007e-01 1.76612800e+01 -3.18327460e-01 9.39405218e-01 1.27218903e-01 8.46016494e-02 -1.30566666e-01 -1.76367943e-01 9.75626293e-01 2.38525363e+01
9.39422917e-01 2.85891535e-01 1.89075986e-01 1.76936067e+01 -3.10830617e-01 9.43060174e-01 1.18410337e-01 8.41957701e-02 -1.44457455e-01 -1.70007965e-01 9.74797071e-01 2.38125722e+01
9.39484331e-01 2.78819067e-01 1.99068631e-01 1.77302850e+01 -3.04024032e-01 9.46372615e-01 1.09304801e-01 8.38253714e-02 -1.57916776e-01 -1.63211763e-01 9.73870775e-01 2.37954624e+01
9.40163498e-01 2.70767846e-01 2.06824890e-01 1.77696694e+01 -2.95637924e-01 9.50038159e-01 1.00124652e-01 8.36086376e-02 -1.69380949e-01 -1.55278785e-01 9.73241323e-01 2.38024430e+01
9.40475471e-01 2.62886636e-01 2.15396519e-01 1.78160335e+01 -2.87492061e-01 9.53384846e-01 9.16782660e-02 8.33309665e-02 -1.81254735e-01 -1.48145906e-01 9.72213778e-01 2.38036384e+01
9.39834684e-01 2.55112303e-01 2.27217085e-01 1.78612535e+01 -2.79453613e-01 9.56669597e-01 8.17812350e-02 8.30945432e-02 -1.96508244e-01 -1.40357429e-01 9.70404242e-01 2.37927520e+01
9.39290732e-01 2.47054912e-01 2.38109063e-01 1.79107841e+01 -2.70593828e-01 9.60047749e-01 7.13195430e-02 8.28697772e-02 -2.10976211e-01 -1.31420573e-01 9.68616410e-01 2.37697223e+01
9.38639568e-01 2.38622436e-01 2.49026529e-01 1.79681151e+01 -2.61006993e-01 9.63431447e-01 6.06168909e-02 8.26568562e-02 -2.25455428e-01 -1.21895019e-01 9.66597921e-01 2.37894542e+01
9.37431954e-01 2.30371225e-01 2.61054773e-01 1.80275802e+01 -2.51305464e-01 9.66646326e-01 4.93932989e-02 8.23437976e-02 -2.40968835e-01 -1.11907278e-01 9.64059613e-01 2.37643885e+01
9.35668588e-01 2.22903013e-01 2.73564924e-01 1.80973033e+01 -2.42163915e-01 9.69477539e-01 3.83300945e-02 8.21100297e-02 -2.56671164e-01 -1.02111735e-01 9.61089650e-01 2.37720355e+01
9.33459873e-01 2.16329099e-01 2.86100680e-01 1.81648180e+01 -2.33600330e-01 9.71950434e-01 2.72471243e-02 8.17734807e-02 -2.72181363e-01 -9.22672134e-02 9.57812248e-01 2.37537576e+01
9.32310554e-01 2.09102959e-01 2.95080056e-01 1.82200200e+01 -2.24065961e-01 9.74417596e-01 1.74377139e-02 8.14735515e-02 -2.83884946e-01 -8.23746599e-02 9.55313561e-01 2.37136880e+01
9.30779972e-01 2.02633891e-01 3.04281742e-01 1.82818780e+01 -2.15193148e-01 9.76538765e-01 7.94550271e-03 8.10634830e-02 -2.95532938e-01 -7.28747507e-02 9.52549093e-01 2.36693916e+01
9.28805436e-01 1.95760905e-01 3.14638385e-01 1.83130172e+01 -2.05830433e-01 9.78586429e-01 -1.24744126e-03 8.06957633e-02 -3.08145120e-01 -6.36034080e-02 9.49210931e-01 2.35782392e+01
9.27124500e-01 1.88796743e-01 3.23720664e-01 1.83251638e+01 -1.96314919e-01 9.80493531e-01 -9.59329748e-03 8.02989231e-02 -3.19217265e-01 -5.46568952e-02 9.46104186e-01 2.34590488e+01
9.25535371e-01 1.83506746e-01 3.31223010e-01 1.83044507e+01 -1.88702312e-01 9.81891832e-01 -1.67048727e-02 8.00716111e-02 -3.28290683e-01 -4.70414711e-02 9.43404763e-01 2.32974224e+01
9.24028994e-01 1.78377699e-01 3.38158111e-01 1.82746504e+01 -1.81238254e-01 9.83160914e-01 -2.33752170e-02 7.99009980e-02 -3.36633545e-01 -3.96876762e-02 9.40799071e-01 2.31323682e+01
9.23631319e-01 1.73262246e-01 3.41883712e-01 1.81889727e+01 -1.73741565e-01 9.84349654e-01 -2.94760968e-02 7.99004054e-02 -3.41640280e-01 -3.21742305e-02 9.39279981e-01 2.27935165e+01
9.22183023e-01 1.67437995e-01 3.48628895e-01 1.81022905e+01 -1.65272491e-01 9.85583824e-01 -3.61777187e-02 7.98696725e-02 -3.49660577e-01 -2.42561478e-02 9.36562509e-01 2.24807580e+01
9.20503869e-01 1.64748411e-01 3.54301708e-01 1.79616522e+01 -1.60084953e-01 9.86180846e-01 -4.26551937e-02 8.03246412e-02 -3.56432974e-01 -1.74539557e-02 9.34157999e-01 2.20814093e+01
9.19124129e-01 1.61030065e-01 3.59554352e-01 1.78334591e+01 -1.53747208e-01 9.86895716e-01 -4.89690153e-02 8.08311546e-02 -3.62728192e-01 -1.02717230e-02 9.31838524e-01 2.16781172e+01
9.17928434e-01 1.58508509e-01 3.63705279e-01 1.76588856e+01 -1.48894224e-01 9.87348690e-01 -5.45189655e-02 8.16539140e-02 -3.67745730e-01 -4.10895107e-03 9.29917403e-01 2.11790342e+01
9.15976114e-01 1.55917982e-01 3.69697641e-01 1.75141603e+01 -1.43873069e-01 9.87767811e-01 -6.01204153e-02 8.22370114e-02 -3.74549369e-01 1.87949045e-03 9.27205151e-01 2.07286848e+01
9.13668024e-01 1.53909896e-01 3.76193484e-01 1.73780019e+01 -1.39365998e-01 9.88054924e-01 -6.57562388e-02 8.29564360e-02 -3.81820437e-01 7.65095744e-03 9.24204949e-01 2.02978100e+01
9.11024637e-01 1.53809051e-01 3.82591133e-01 1.72152658e+01 -1.36767795e-01 9.88016818e-01 -7.15306660e-02 8.39929997e-02 -3.89008620e-01 1.28402227e-02 9.21144743e-01 1.98327112e+01
9.08379913e-01 1.53210643e-01 3.89064872e-01 1.70383246e+01 -1.33649389e-01 9.88029589e-01 -7.70363346e-02 8.52712824e-02 -3.96210503e-01 1.79801505e-02 9.17983711e-01 1.93161727e+01
9.04919924e-01 1.52738059e-01 3.97227997e-01 1.68827328e+01 -1.30328575e-01 9.87990883e-01 -8.29921245e-02 8.65246399e-02 -4.05133806e-01 2.33312463e-02 9.13959769e-01 1.88638715e+01
9.00188262e-01 1.54448810e-01 4.07192474e-01 1.67572759e+01 -1.28912527e-01 9.87598707e-01 -8.96082308e-02 8.76976193e-02 -4.15982775e-01 2.81722518e-02 9.08936072e-01 1.84969179e+01
8.95404671e-01 1.58151944e-01 4.16217999e-01 1.65967061e+01 -1.29563904e-01 9.86887106e-01 -9.62617509e-02 8.93654902e-02 -4.25984292e-01 3.22665842e-02 9.04155032e-01 1.80684649e+01
8.89798504e-01 1.63230318e-01 4.26161297e-01 1.64409205e+01 -1.31301054e-01 9.85925960e-01 -1.03485293e-01 9.10467632e-02 -4.37055588e-01 3.61258267e-02 8.98708748e-01 1.76577567e+01
8.83476472e-01 1.68213521e-01 4.37232780e-01 1.62377987e+01 -1.32465412e-01 9.84922856e-01 -1.11261460e-01 9.31146567e-02 -4.49356412e-01 4.03788636e-02 8.92439589e-01 1.71756124e+01
8.76792787e-01 1.74461253e-01 4.48103481e-01 1.60645025e+01 -1.34350845e-01 9.83631220e-01 -1.20078438e-01 9.51345131e-02 -4.61717762e-01 4.50810345e-02 8.85880663e-01 1.67603163e+01
8.69866964e-01 1.80856859e-01 4.58935060e-01 1.58991589e+01 -1.35852522e-01 9.82218635e-01 -1.29576581e-01 9.72358568e-02 -4.74209534e-01 5.03671133e-02 8.78970234e-01 1.63404708e+01
8.61825846e-01 1.87376013e-01 4.71323214e-01 1.57555286e+01 -1.36395038e-01 9.80646497e-01 -1.40457226e-01 9.92996970e-02 -4.88519978e-01 5.67637370e-02 8.70704462e-01 1.59910869e+01
8.52165298e-01 1.93626239e-01 4.86129939e-01 1.56229387e+01 -1.36263762e-01 9.79080738e-01 -1.51104363e-01 1.01219846e-01 -5.05218427e-01 6.25242248e-02 8.60723671e-01 1.56442658e+01
8.42185449e-01 1.99761097e-01 5.00817662e-01 1.55215235e+01 -1.34930752e-01 9.77365798e-01 -1.62939220e-01 1.02913084e-01 -5.22031216e-01 6.96495676e-02 8.50077943e-01 1.53740210e+01
8.32295003e-01 2.05805189e-01 5.14711969e-01 1.53835971e+01 -1.33435881e-01 9.75605231e-01 -1.74323684e-01 1.04869974e-01 -5.38032634e-01 7.64079231e-02 8.39453939e-01 1.50738093e+01
8.22268953e-01 2.11386821e-01 5.28382985e-01 1.52862707e+01 -1.31206726e-01 9.73859815e-01 -1.85421957e-01 1.06450104e-01 -5.53766952e-01 8.31395570e-02 8.28510847e-01 1.48576044e+01
8.10429570e-01 2.17329065e-01 5.44032381e-01 1.52067996e+01 -1.28325760e-01 9.71946708e-01 -1.97108068e-01 1.07765646e-01 -5.71608040e-01 8.99290835e-02 8.15584017e-01 1.46772591e+01
7.97175141e-01 2.23196006e-01 5.60976521e-01 1.51184244e+01 -1.24301880e-01 9.69926023e-01 -2.09265693e-01 1.09307780e-01 -5.90813209e-01 9.70912207e-02 8.00945335e-01 1.44808013e+01
7.82835731e-01 2.28053974e-01 5.78929114e-01 1.50713547e+01 -1.18614343e-01 9.68046378e-01 -2.20944441e-01 1.10340843e-01 -6.10817705e-01 1.04294163e-01 7.84872503e-01 1.43552212e+01
7.68026190e-01 2.33354884e-01 5.96389619e-01 1.50675399e+01 -1.13026336e-01 9.66023209e-01 -2.32430173e-01 1.10851348e-01 -6.30365170e-01 1.11104989e-01 7.68307112e-01 1.42982393e+01
7.52694429e-01 2.38714986e-01 6.13567944e-01 1.50764980e+01 -1.07687535e-01 9.64039263e-01 -2.42963645e-01 1.11070423e-01 -6.49502907e-01 1.16804026e-01 7.51334300e-01 1.42672593e+01
7.37761824e-01 2.43620639e-01 6.29567984e-01 1.50765456e+01 -1.02069335e-01 9.62144196e-01 -2.52705396e-01 1.11265567e-01 -6.67299692e-01 1.22177075e-01 7.34700165e-01 1.42444433e+01
7.21892065e-01 2.48258727e-01 6.45940321e-01 1.50905878e+01 -9.58579568e-02 9.60308156e-01 -2.61952536e-01 1.11303845e-01 -6.85334014e-01 1.27183199e-01 7.17037138e-01 1.42289831e+01
7.07526199e-01 2.51887499e-01 6.60271830e-01 1.51470606e+01 -8.95690723e-02 9.58748659e-01 -2.69774144e-01 1.10740591e-01 -7.00987697e-01 1.31732598e-01 7.00901839e-01 1.42612271e+01
6.93861309e-01 2.55072247e-01 6.73419803e-01 1.52244298e+01 -8.35740839e-02 9.57369132e-01 -2.76513106e-01 1.09814125e-01 -7.15242365e-01 1.35581561e-01 6.85599510e-01 1.43088964e+01
6.81047856e-01 2.58170461e-01 6.85216344e-01 1.53308741e+01 -7.84501874e-02 9.56122617e-01 -2.82267381e-01 1.08482655e-01 -7.28024169e-01 1.38482503e-01 6.71419468e-01 1.43850019e+01
6.69091879e-01 2.61259017e-01 6.95743837e-01 1.54189381e+01 -7.42524466e-02 9.54988320e-01 -2.87199861e-01 1.07354692e-01 -7.39460990e-01 1.40502668e-01 6.58374693e-01 1.44486989e+01
6.57852400e-01 2.64148672e-01 7.05305223e-01 1.55253050e+01 -7.07298480e-02 9.54007139e-01 -2.91320468e-01 1.05966597e-01 -7.49818304e-01 1.41759993e-01 6.46279703e-01 1.45297729e+01
6.47403530e-01 2.66868951e-01 7.13897312e-01 1.56525816e+01 -6.77127545e-02 9.53128257e-01 -2.94892256e-01 1.04342187e-01 -7.59133477e-01 1.42574593e-01 6.35129649e-01 1.46266733e+01
6.37500901e-01 2.69466643e-01 7.21789522e-01 1.57750377e+01 -6.53211071e-02 9.52372866e-01 -2.97857444e-01 1.02810294e-01 -7.67675577e-01 1.42736555e-01 6.24741024e-01 1.47142028e+01
6.28700777e-01 2.72114132e-01 7.28484063e-01 1.58958889e+01 -6.39640612e-02 9.51700669e-01 -3.00290544e-01 1.01233815e-01 -7.75012277e-01 1.42196353e-01 6.15741061e-01 1.48029583e+01
6.20393523e-01 2.74875511e-01 7.34544160e-01 1.60323801e+01 -6.34381529e-02 9.51090024e-01 -3.02329887e-01 9.94659521e-02 -7.81720933e-01 1.40965636e-01 6.07488241e-01 1.49065081e+01
6.13039330e-01 2.77427615e-01 7.39740790e-01 1.61631652e+01 -6.37258644e-02 9.50631699e-01 -3.03707649e-01 9.77701102e-02 -7.87478186e-01 1.39044373e-01 6.00454500e-01 1.50057682e+01
6.06595766e-01 2.79718536e-01 7.44176648e-01 1.62911078e+01 -6.46736982e-02 9.50318834e-01 -3.04485409e-01 9.60914797e-02 -7.92375540e-01 1.36571160e-01 5.94550399e-01 1.51041160e+01
6.01124598e-01 2.81844863e-01 7.47805111e-01 1.63980920e+01 -6.63625142e-02 9.50117590e-01 -3.04749933e-01 9.46685789e-02 -7.96395254e-01 1.33566704e-01 5.89843561e-01 1.51861047e+01
5.96582720e-01 2.83907844e-01 7.50656512e-01 1.65098101e+01 -6.88563899e-02 9.49995585e-01 -3.04576886e-01 9.31761987e-02 -7.99592417e-01 1.30018053e-01 5.86300415e-01 1.52733103e+01
5.93186902e-01 2.85809036e-01 7.52623591e-01 1.66070454e+01 -7.19447787e-02 9.49939940e-01 -3.04036021e-01 9.18900160e-02 -8.01843750e-01 1.26203090e-01 5.84055011e-01 1.53486426e+01
5.90187636e-01 2.87443296e-01 7.54357103e-01 1.67102412e+01 -7.50216499e-02 9.49944883e-01 -3.03275972e-01 9.05388400e-02 -8.03772637e-01 1.22396860e-01 5.82210788e-01 1.54277597e+01
5.87998806e-01 2.88906798e-01 7.55506475e-01 1.68270801e+01 -7.83903692e-02 9.49993833e-01 -3.02268996e-01 8.89933473e-02 -8.05054335e-01 1.18509620e-01 5.81243359e-01 1.55176589e+01
5.86188860e-01 2.90281499e-01 7.56385501e-01 1.69510593e+01 -8.20232511e-02 9.50074924e-01 -3.01047576e-01 8.73573478e-02 -8.06011757e-01 1.14429776e-01 5.80733787e-01 1.56123079e+01
5.84744842e-01 2.91542078e-01 7.57018118e-01 1.70862885e+01 -8.60554501e-02 9.50215579e-01 -2.99474048e-01 8.55172138e-02 -8.06639978e-01 1.09970612e-01 5.80723039e-01 1.57172290e+01
